%2020-12-30 16:28:26 0
%%CH1,CH2,AX,AY,AZ,IR,RED
125.6 70.3 0
177.0 77.3 0
66.0 50.0 0
-115.8 49.1 0
-115.1 -164.9 0
-166.6 -197.2 0
-199.5 -195.6 0
-276.9 -259.6 0
-286.4 -329.3 0
-237.8 -299.2 0
-273.9 -310.0 0
-317.5 -403.0 0
-324.8 -427.6 0
-418.0 -468.2 0
-501.0 -512.7 0
-540.2 -424.0 0
-436.3 -497.4 0
-433.0 -537.6 0
-382.9 -432.3 0
-420.3 -467.8 0
-443.5 -426.5 0
-422.0 -438.5 0
-299.2 -374.8 0
-282.2 -297.3 0
-248.1 -189.3 0
-247.2 -155.2 0
-233.2 -142.9 0
-140.1 -66.7 0
-62.1 -90.9 0
-28.5 -111.7 0
47.2 -50.3 0
-1.4 19.0 0
43.9 71.4 0
133.7 89.4 0
190.7 84.8 0
161.6 136.6 0
178.6 195.0 0
222.8 248.6 0
275.4 252.4 0
257.8 280.0 0
223.7 345.2 0
250.7 241.6 0
289.9 242.3 0
215.2 284.0 0
197.8 313.1 0
208.8 258.0 0
210.4 199.4 0
129.9 164.7 0
136.0 142.5 0
86.7 73.6 0
21.3 -13.2 0
75.5 -28.4 0
21.2 8.2 0
12.1 -3.7 0
-59.6 -73.6 0
-139.1 -156.8 0
-195.0 -290.0 0
-231.3 -287.8 0
-321.9 -307.3 0
-363.6 -295.4 0
-397.2 -351.2 0
-421.1 -378.5 0
-428.2 -399.8 0
-403.4 -439.1 0
-404.1 -436.9 0
-367.9 -465.2 0
-415.5 -453.2 0
-394.6 -480.1 0
-381.0 -416.2 0
-420.6 -486.2 0
-389.4 -409.1 0
-399.9 -334.2 0
-334.0 -294.8 0
-293.7 -393.3 0
-190.0 -291.1 0
-101.6 -208.3 0
-101.7 -204.5 0
-167.2 -155.6 0
-160.0 -100.1 0
-187.1 -37.1 0
-48.2 -53.5 0
-27.9 -79.7 0
19.8 -31.5 0
92.8 80.1 0
127.1 158.5 0
133.5 200.2 0
161.5 185.6 0
182.6 170.0 0
250.9 240.5 0
248.2 340.0 0
254.6 286.3 0
369.1 224.8 0
309.6 270.9 0
267.0 276.2 0
278.9 273.2 0
171.9 234.2 0
166.2 162.5 0
122.6 142.5 0
128.5 110.3 0
64.5 56.4 0
30.7 18.4 0
-6.1 -68.4 0
-25.7 -29.9 0
-117.9 -10.3 0
-192.7 9.4 0
-201.0 -83.1 0
-235.3 -179.2 0
-314.9 -204.6 0
-327.9 -301.1 0
-351.5 -420.5 0
-304.7 -429.7 0
-392.8 -420.3 0
-386.5 -488.4 0
-443.5 -550.7 0
-479.9 -480.5 0
-422.4 -502.0 0
-420.0 -445.1 0
-419.3 -458.4 0
-391.1 -426.2 0
-394.3 -412.0 0
-395.2 -468.2 0
-331.4 -395.3 0
-348.4 -424.2 0
-388.8 -339.4 0
-297.8 -351.0 0
-246.7 -279.9 0
-252.5 -255.0 0
-135.0 -142.0 0
-116.5 -176.9 0
-76.3 -77.6 0
-90.5 -3.7 0
-0.8 -62.8 0
153.9 -61.1 0
174.1 92.5 0
141.8 226.7 0
111.5 219.4 0
196.8 193.7 0
219.2 247.9 0
259.3 214.1 0
228.1 258.8 0
244.9 269.5 0
296.3 207.6 0
256.1 176.2 0
233.6 213.0 0
251.2 316.5 0
255.2 207.5 0
188.3 205.7 0
126.8 182.5 0
157.6 162.9 0
94.1 104.8 0
110.7 60.5 0
127.3 49.5 0
-41.6 -79.4 0
-133.3 -112.7 0
-199.7 -140.4 0
-216.2 -181.6 0
-218.7 -231.8 0
-214.0 -315.1 0
-355.6 -314.4 0
-312.6 -368.3 0
-288.8 -461.0 0
-325.6 -450.9 0
-444.1 -423.5 0
-455.5 -372.5 0
-499.7 -468.8 0
-516.9 -567.3 0
-564.4 -574.8 0
-548.6 -517.3 0
-515.2 -475.7 0
-492.8 -510.1 0
-501.3 -436.4 0
-409.1 -305.6 0
-385.2 -352.5 0
-295.6 -386.5 0
-322.0 -332.1 0
-312.4 -361.6 0
-328.2 -267.7 0
-140.2 -269.4 0
-146.1 -146.8 0
-226.7 -154.6 0
-127.7 -45.6 0
18.0 -60.9 0
24.4 -39.0 0
137.9 14.9 0
119.3 97.6 0
185.9 208.1 0
182.3 209.9 0
186.3 210.4 0
187.5 259.5 0
238.6 213.2 0
303.7 250.2 0
289.8 210.7 0
303.8 220.1 0
298.2 206.0 0
235.0 199.7 0
225.6 138.5 0
201.2 108.9 0
104.8 73.0 0
48.7 96.7 0
55.4 95.4 0
106.5 73.0 0
7.4 54.5 0
-83.4 -42.9 0
-161.3 -90.5 0
-253.8 -205.2 0
-199.1 -236.5 0
-275.9 -252.9 0
-315.9 -293.7 0
-369.4 -310.0 0
-346.7 -416.8 0
-283.9 -415.7 0
-341.5 -421.8 0
-379.8 -491.9 0
-414.6 -576.1 0
-507.8 -523.1 0
-583.6 -534.6 0
-539.2 -474.2 0
-509.2 -517.4 0
-476.4 -472.2 0
-383.9 -463.9 0
-365.9 -473.9 0
-395.2 -406.8 0
-340.9 -341.3 0
-324.4 -384.2 0
-326.4 -321.7 0
-264.0 -380.8 0
-224.8 -316.3 0
-196.0 -181.3 0
-150.2 -164.0 0
-172.9 -106.8 0
-40.8 -39.7 0
-37.4 -24.5 0
16.5 -31.4 0
139.7 68.9 0
142.1 23.1 0
183.2 67.3 0
245.1 80.5 0
221.9 148.4 0
295.4 207.5 0
297.7 166.1 0
245.9 189.6 0
259.3 210.6 0
323.3 165.4 0
288.9 259.4 0
302.6 216.1 0
287.9 160.1 0
227.9 126.1 0
146.8 173.0 0
150.5 136.4 0
83.1 45.4 0
45.8 -80.6 0
-0.1 -73.6 0
-73.1 -88.6 0
-93.5 -104.5 0
-70.0 -85.8 0
-115.1 -185.0 0
-195.0 -164.0 0
-165.2 -275.6 0
-212.5 -295.3 0
-320.2 -313.1 0
-359.9 -316.0 0
-422.0 -384.6 0
-451.3 -504.3 0
-433.5 -553.4 0
-444.6 -576.6 0
-422.1 -570.4 0
-398.1 -494.8 0
-416.9 -565.6 0
-414.4 -560.7 0
-460.3 -544.2 0
-422.0 -514.6 0
-413.5 -468.3 0
-411.8 -404.0 0
-389.5 -354.6 0
-313.6 -361.0 0
-237.9 -272.1 0
-258.7 -375.8 0
-180.5 -268.8 0
-165.6 -210.2 0
-112.6 -166.6 0
-127.6 -107.2 0
-64.3 -78.4 0
-16.9 -24.6 0
12.1 7.6 0
128.2 149.4 0
222.2 83.9 0
253.4 125.8 0
257.7 125.9 0
300.6 252.9 0
334.6 289.6 0
324.2 284.3 0
299.5 334.0 0
229.2 225.2 0
261.8 293.8 0
291.6 290.9 0
161.5 263.1 0
140.6 235.8 0
183.8 226.3 0
194.4 180.0 0
107.4 77.9 0
68.0 11.4 0
46.4 95.2 0
-51.0 66.1 0
-51.4 -60.8 0
-55.1 -130.8 0
-137.8 -166.9 0
-213.7 -214.0 0
-225.6 -308.3 0
-319.5 -363.7 0
-321.2 -354.4 0
-390.5 -379.1 0
-420.5 -375.2 0
-436.2 -429.6 0
-471.8 -478.2 0
-534.2 -444.0 0
-485.0 -440.2 0
-433.6 -516.8 0
-510.2 -512.0 0
-455.2 -518.1 0
-372.2 -494.1 0
-436.5 -491.4 0
-491.0 -524.6 0
-384.1 -556.3 0
-354.3 -433.9 0
-322.7 -347.3 0
-205.7 -365.0 0
-235.3 -340.1 0
-205.6 -224.0 0
-161.4 -150.5 0
-169.6 -110.3 0
-32.5 -128.8 0
-3.7 -86.0 0
69.4 20.6 0
42.0 31.7 0
74.3 141.1 0
110.5 125.0 0
197.4 100.4 0
242.0 100.1 0
245.2 174.0 0
256.6 134.2 0
265.4 154.8 0
245.5 248.2 0
346.8 172.2 0
249.0 173.9 0
212.9 170.0 0
202.6 220.8 0
227.9 295.4 0
225.2 148.7 0
132.3 31.8 0
78.3 38.4 0
17.3 -16.7 0
4.5 -6.8 0
-14.2 -79.9 0
-10.7 -124.6 0
-115.8 -125.1 0
-164.8 -147.4 0
-155.2 -119.8 0
-244.3 -248.2 0
-262.4 -309.7 0
-288.4 -334.5 0
-371.4 -489.2 0
-393.1 -460.6 0
-438.9 -475.2 0
-403.9 -564.1 0
-460.0 -515.2 0
-489.5 -519.8 0
-479.0 -482.1 0
-515.0 -428.4 0
-464.1 -536.5 0
-452.8 -532.4 0
-430.7 -522.8 0
-435.2 -450.6 0
-448.0 -488.0 0
-349.9 -431.2 0
-304.8 -392.3 0
-248.5 -347.1 0
-150.5 -305.5 0
-116.8 -224.8 0
-74.0 -169.8 0
-84.6 -104.3 0
-54.5 9.7 0
-43.0 -36.6 0
23.7 22.3 0
70.9 -43.6 0
77.3 99.5 0
194.0 147.8 0
114.1 211.3 0
137.5 167.3 0
120.6 209.5 0
121.4 241.9 0
182.1 332.4 0
245.4 303.6 0
223.0 266.4 0
206.1 243.8 0
192.2 289.7 0
189.9 233.7 0
155.8 180.3 0
200.4 120.6 0
220.0 128.2 0
152.2 30.8 0
102.7 44.1 0
56.6 -29.6 0
-12.8 -8.1 0
-44.8 -31.3 0
-105.8 -150.5 0
-73.6 -191.1 0
-169.6 -289.4 0
-271.9 -355.1 0
-261.9 -349.4 0
-266.8 -392.0 0
-339.7 -392.1 0
-368.6 -444.9 0
-360.7 -428.6 0
-413.5 -437.5 0
-417.9 -465.6 0
-441.8 -469.0 0
-486.3 -451.7 0
-507.0 -491.6 0
-474.8 -537.3 0
-392.8 -471.9 0
-419.3 -482.7 0
-417.2 -455.7 0
-429.5 -428.5 0
-383.2 -408.9 0
-297.2 -393.4 0
-323.1 -398.0 0
-267.5 -295.5 0
-239.5 -214.2 0
-150.1 -133.6 0
-71.5 -201.7 0
-46.3 -76.6 0
20.4 15.5 0
60.0 1.9 0
61.9 -2.3 0
24.9 30.7 0
67.3 74.7 0
116.6 122.1 0
116.5 179.6 0
172.5 195.9 0
253.5 224.3 0
260.8 91.9 0
278.8 145.7 0
249.1 256.4 0
299.1 225.2 0
291.0 240.1 0
243.4 250.2 0
167.9 190.1 0
174.8 281.7 0
156.0 190.9 0
139.7 90.5 0
53.4 -0.1 0
16.4 -8.6 0
-60.6 -6.8 0
-92.0 -57.3 0
-102.3 -166.0 0
-98.3 -257.2 0
-175.3 -295.9 0
-238.1 -302.4 0
-322.0 -336.1 0
-219.8 -351.3 0
-337.4 -381.7 0
-397.1 -406.7 0
-356.5 -443.4 0
-361.3 -437.3 0
-482.4 -483.0 0
-417.3 -442.8 0
-454.8 -508.5 0
-423.3 -567.4 0
-487.9 -511.7 0
-504.5 -454.1 0
-451.9 -447.4 0
-445.7 -474.8 0
-408.1 -472.9 0
-398.6 -509.7 0
-334.6 -443.1 0
-280.8 -394.7 0
-277.9 -371.7 0
-196.2 -260.4 0
-179.1 -213.1 0
-160.1 -109.1 0
60.0 -80.5 0
10.0 6.9 0
-68.3 -18.2 0
-41.9 -13.0 0
40.3 -8.2 0
112.4 102.2 0
138.5 66.0 0
198.9 109.0 0
249.8 162.1 0
248.5 117.8 0
183.4 209.9 0
268.8 206.9 0
335.8 198.6 0
293.4 239.3 0
255.0 268.6 0
288.4 201.2 0
250.5 190.3 0
253.3 197.7 0
121.6 175.6 0
83.3 129.3 0
72.6 84.7 0
-25.4 -3.3 0
-37.7 -69.8 0
-86.1 -48.0 0
-68.8 -34.8 0
-153.2 -86.6 0
-139.4 -196.0 0
-214.6 -163.2 0
-329.1 -230.3 0
-310.2 -267.6 0
-340.2 -310.2 0
-429.7 -370.1 0
-415.8 -464.8 0
-391.3 -505.7 0
-489.8 -533.7 0
-517.0 -517.9 0
-484.3 -436.8 0
-477.4 -525.0 0
-507.4 -552.3 0
-564.5 -490.3 0
-396.6 -459.8 0
-373.9 -456.6 0
-411.6 -464.3 0
-368.2 -459.4 0
-394.1 -462.0 0
-327.1 -394.2 0
-289.5 -317.6 0
-197.2 -233.8 0
-120.8 -253.2 0
-79.4 -159.5 0
-174.4 -80.1 0
-132.8 -63.4 0
-136.4 1.7 0
-6.8 48.0 0
137.0 94.2 0
115.8 65.7 0
144.6 18.2 0
188.5 184.0 0
168.3 166.9 0
174.1 217.3 0
204.5 244.1 0
226.3 232.7 0
299.5 181.2 0
253.2 187.0 0
198.6 141.3 0
235.3 122.9 0
194.1 159.9 0
101.4 150.4 0
100.1 88.3 0
103.1 131.4 0
-17.3 152.4 0
-51.4 55.8 0
-16.6 49.7 0
-8.3 -5.3 0
-94.2 -91.6 0
-125.1 -123.3 0
-156.3 -122.4 0
-178.4 -122.5 0
-239.2 -316.9 0
-241.6 -299.7 0
-298.7 -362.9 0
-382.3 -379.6 0
-410.9 -403.7 0
-479.5 -470.9 0
-419.3 -529.1 0
-407.2 -581.2 0
-456.1 -525.0 0
-538.1 -479.9 0
-515.0 -514.4 0
-462.2 -547.0 0
-403.0 -490.4 0
-492.1 -442.1 0
-459.6 -439.2 0
-448.1 -400.6 0
-391.9 -417.2 0
-370.9 -464.1 0
-268.2 -327.5 0
-210.5 -289.8 0
-108.6 -261.8 0
-173.5 -187.5 0
-125.3 -189.8 0
-51.9 -136.9 0
13.1 -47.8 0
42.2 72.9 0
85.3 129.1 0
194.3 100.8 0
103.1 176.5 0
147.7 184.9 0
196.2 177.6 0
227.1 211.5 0
285.7 232.9 0
390.3 241.4 0
346.2 228.6 0
287.3 223.8 0
298.8 151.7 0
198.6 157.6 0
290.3 158.3 0
245.3 111.8 0
147.5 208.6 0
150.0 112.2 0
119.1 66.5 0
116.4 -18.7 0
74.2 -11.9 0
-0.7 6.9 0
-47.6 -133.7 0
-79.1 -190.0 0
-77.9 -232.1 0
-179.5 -199.0 0
-296.7 -283.0 0
-220.1 -257.4 0
-206.7 -315.7 0
-357.9 -355.4 0
-392.5 -409.3 0
-418.4 -447.1 0
-411.6 -458.2 0
-416.0 -510.1 0
-523.5 -502.7 0
-431.2 -521.8 0
-405.2 -451.9 0
-439.6 -492.7 0
-404.3 -519.5 0
-458.3 -483.3 0
-442.0 -380.9 0
-372.6 -361.4 0
-348.8 -400.1 0
-330.7 -353.0 0
-266.0 -269.8 0
-161.2 -276.0 0
-171.3 -263.2 0
-88.2 -220.1 0
-91.8 -116.3 0
-65.0 -56.5 0
-41.8 -30.8 0
36.7 31.3 0
-16.2 73.6 0
91.2 100.9 0
137.6 154.8 0
176.5 134.4 0
230.8 112.2 0
201.6 155.4 0
195.5 287.2 0
223.9 308.9 0
198.2 274.2 0
276.0 243.6 0
240.2 175.1 0
287.4 161.4 0
270.9 218.2 0
287.8 101.6 0
278.1 126.0 0
168.4 99.7 0
116.6 42.4 0
131.8 43.1 0
149.1 67.4 0
10.6 -10.0 0
-3.8 -82.8 0
-50.9 -134.7 0
-176.0 -128.1 0
-206.4 -112.9 0
-226.0 -198.7 0
-248.8 -306.7 0
-299.9 -322.5 0
-340.5 -370.1 0
-395.0 -417.3 0
-395.6 -402.8 0
-414.2 -493.7 0
-471.1 -442.1 0
-453.3 -342.3 0
-405.7 -407.7 0
-395.9 -378.4 0
-421.0 -460.8 0
-451.4 -492.8 0
-465.1 -464.8 0
-445.3 -392.5 0
-428.3 -309.7 0
-398.1 -276.8 0
-332.5 -331.0 0
-314.4 -222.9 0
-225.2 -288.2 0
-181.4 -186.1 0
-199.8 -120.9 0
-123.0 -56.1 0
131.8 8.1 0
76.6 48.3 0
25.9 10.2 0
138.7 3.0 0
45.0 10.1 0
157.9 131.1 0
146.6 198.8 0
174.7 162.3 0
165.2 173.1 0
278.1 214.5 0
284.2 357.2 0
336.0 335.4 0
314.9 305.3 0
329.5 306.4 0
383.1 236.6 0
251.8 137.2 0
212.0 202.8 0
196.0 174.7 0
186.3 162.2 0
175.0 74.0 0
110.9 81.5 0
126.4 76.6 0
76.6 84.8 0
40.5 33.2 0
-27.4 -11.4 0
-101.6 -45.4 0
-221.2 -148.6 0
-299.2 -225.3 0
-246.2 -259.9 0
-357.0 -194.8 0
-375.2 -311.0 0
-460.6 -329.0 0
-430.5 -356.3 0
-417.8 -339.4 0
-420.4 -348.1 0
-416.9 -383.5 0
-388.7 -361.7 0
-437.6 -490.9 0
-466.3 -439.4 0
-492.1 -409.1 0
-485.7 -370.4 0
-413.4 -445.8 0
-412.0 -387.7 0
-452.7 -352.5 0
-360.0 -279.8 0
-240.4 -235.2 0
-236.6 -217.4 0
-230.6 -136.4 0
-137.0 -98.4 0
-88.7 -46.3 0
-35.0 -92.5 0
46.4 15.8 0
87.1 59.0 0
78.3 23.5 0
186.8 78.0 0
246.8 257.2 0
236.0 283.5 0
211.1 413.4 0
238.6 313.1 0
264.2 387.8 0
268.4 321.6 0
229.6 236.0 0
327.5 265.9 0
304.7 323.5 0
358.5 315.6 0
326.1 284.5 0
240.3 267.5 0
212.5 244.1 0
180.9 138.6 0
147.7 164.9 0
144.0 159.6 0
73.8 51.3 0
44.8 45.0 0
16.3 -25.4 0
18.8 -76.7 0
-93.7 -51.7 0
-202.0 -85.0 0
-197.8 -142.2 0
-300.6 -255.4 0
-355.7 -171.2 0
-293.7 -236.9 0
-385.9 -306.1 0
-352.4 -331.9 0
-384.0 -390.6 0
-388.0 -372.9 0
-404.1 -299.6 0
-475.9 -349.4 0
-449.1 -316.1 0
-402.1 -281.1 0
-486.7 -302.7 0
-474.1 -307.1 0
-411.3 -360.9 0
-263.8 -346.4 0
-279.7 -297.7 0
-253.7 -197.0 0
-264.9 -174.0 0
-201.8 -193.4 0
-256.9 -176.7 0
-83.1 -99.0 0
-16.6 -59.8 0
-44.7 -85.7 0
-24.7 26.3 0
15.0 92.0 0
65.6 129.9 0
125.0 140.1 0
194.6 176.3 0
213.1 255.7 0
228.7 336.9 0
295.2 287.0 0
233.6 310.9 0
244.7 383.9 0
284.7 384.1 0
270.0 349.2 0
157.8 286.6 0
185.2 379.2 0
224.2 328.5 0
153.1 315.5 0
179.4 282.4 0
270.5 227.0 0
197.2 198.7 0
109.0 118.5 0
61.5 40.2 0
50.6 61.1 0
21.3 3.8 0
-73.1 -34.0 0
-127.1 -70.0 0
-211.8 -151.6 0
-286.3 -113.8 0
-213.9 -198.0 0
-216.8 -217.1 0
-336.0 -281.2 0
-280.9 -223.1 0
-357.7 -340.4 0
-361.3 -379.0 0
-437.2 -387.2 0
-458.8 -386.4 0
-522.1 -374.0 0
-506.8 -442.5 0
-417.7 -369.3 0
-435.6 -376.3 0
-383.4 -405.8 0
-457.6 -400.4 0
-356.1 -410.1 0
-351.6 -250.8 0
-321.6 -197.6 0
-285.7 -147.9 0
-313.1 -112.9 0
-209.2 -156.3 0
-184.2 -158.7 0
-98.9 -47.9 0
-112.6 -5.2 0
-7.6 -16.3 0
34.2 2.5 0
29.5 117.6 0
175.0 178.6 0
214.3 183.5 0
223.6 253.9 0
171.1 257.5 0
189.5 303.9 0
231.1 328.8 0
248.5 230.5 0
337.7 339.0 0
301.1 315.3 0
193.7 331.9 0
216.9 355.4 0
306.9 323.0 0
284.5 260.7 0
290.6 280.8 0
185.8 271.8 0
181.8 199.8 0
36.9 131.5 0
49.8 87.6 0
84.1 39.2 0
41.6 30.1 0
-54.3 -60.4 0
-75.3 -169.8 0
-125.2 -167.7 0
-207.4 -162.9 0
-293.2 -160.8 0
-308.4 -228.8 0
-353.5 -306.7 0
-347.8 -302.5 0
-317.9 -355.3 0
-412.2 -403.8 0
-457.4 -412.3 0
-455.9 -405.4 0
-465.1 -389.3 0
-555.4 -410.4 0
-441.1 -446.0 0
-421.3 -451.6 0
-406.6 -401.7 0
-368.6 -316.7 0
-435.7 -362.5 0
-393.1 -269.1 0
-289.5 -311.9 0
-252.8 -292.2 0
-246.8 -284.4 0
-198.6 -206.1 0
-156.7 -189.9 0
-126.0 -119.5 0
-92.9 -130.4 0
-16.0 -36.8 0
0.8 57.6 0
70.9 109.2 0
94.3 159.4 0
178.8 87.7 0
146.9 157.1 0
124.4 278.3 0
274.1 330.0 0
237.9 319.0 0
257.0 316.2 0
289.8 303.3 0
261.8 303.9 0
173.9 261.9 0
192.1 237.1 0
259.6 237.0 0
215.1 236.4 0
224.5 249.6 0
232.4 194.8 0
149.9 142.2 0
108.0 120.6 0
132.4 136.2 0
92.0 60.6 0
67.2 9.3 0
-16.3 -56.9 0
-90.4 -129.2 0
-106.3 -214.3 0
-172.2 -263.5 0
-338.2 -240.1 0
-341.5 -270.1 0
-353.6 -350.0 0
-373.3 -409.0 0
-307.9 -421.2 0
-332.3 -415.6 0
-423.7 -447.9 0
-408.5 -345.3 0
-392.3 -351.5 0
-480.3 -541.8 0
-510.3 -442.5 0
-486.4 -472.9 0
-479.0 -382.6 0
-417.8 -410.6 0
-318.6 -480.2 0
-375.6 -475.2 0
-378.7 -356.5 0
-275.6 -220.6 0
-210.1 -235.6 0
-236.9 -272.4 0
-186.8 -233.2 0
-168.8 -133.0 0
-94.2 -96.2 0
-26.2 -52.6 0
-7.2 28.9 0
-10.1 32.6 0
63.7 83.2 0
138.2 112.7 0
161.3 195.2 0
153.8 201.3 0
147.6 253.6 0
212.0 271.2 0
268.4 256.2 0
367.1 340.1 0
328.1 351.6 0
276.3 263.8 0
265.4 274.1 0
308.9 295.9 0
373.2 207.1 0
249.0 153.0 0
206.8 104.8 0
206.9 91.5 0
166.2 141.2 0
158.3 82.3 0
121.1 -2.7 0
17.2 -59.9 0
-53.1 -60.2 0
-138.8 -127.4 0
-122.6 -168.4 0
-161.9 -212.3 0
-208.7 -304.1 0
-266.7 -331.3 0
-320.9 -324.2 0
-384.7 -333.7 0
-448.6 -353.0 0
-429.9 -360.0 0
-444.4 -431.9 0
-532.5 -478.5 0
-514.9 -456.3 0
-560.6 -365.2 0
-513.9 -349.1 0
-456.9 -376.8 0
-404.8 -413.9 0
-424.9 -413.0 0
-393.4 -459.0 0
-387.2 -374.3 0
-276.3 -252.6 0
-289.9 -277.1 0
-223.7 -240.5 0
-168.1 -205.5 0
-114.2 -212.9 0
-145.3 -183.0 0
-121.3 -149.5 0
-25.2 -46.3 0
-84.2 -30.8 0
15.1 80.0 0
136.2 78.0 0
106.8 131.3 0
95.1 138.1 0
99.3 191.9 0
148.8 179.3 0
160.4 220.2 0
216.2 268.3 0
233.4 370.2 0
247.1 298.2 0
287.3 338.4 0
216.0 330.7 0
208.8 297.5 0
194.5 210.5 0
222.1 220.0 0
176.7 175.8 0
153.1 111.5 0
121.0 93.8 0
66.2 42.8 0
-47.5 27.2 0
-85.2 -97.7 0
-55.4 -135.9 0
-84.8 -143.4 0
-178.7 -169.0 0
-247.2 -127.4 0
-276.6 -247.2 0
-270.8 -288.2 0
-225.3 -284.8 0
-269.2 -362.3 0
-345.6 -388.8 0
-493.1 -396.8 0
-423.6 -498.8 0
-447.6 -532.9 0
-498.2 -461.7 0
-467.0 -428.0 0
-511.6 -525.6 0
-491.3 -493.8 0
-434.7 -450.2 0
-354.2 -441.1 0
-380.9 -413.4 0
-347.5 -357.2 0
-341.9 -336.2 0
-300.2 -293.0 0
-252.7 -225.6 0
-210.1 -211.3 0
-204.0 -116.9 0
-147.0 -95.9 0
-64.1 -112.6 0
-118.3 -151.0 0
8.3 -44.7 0
71.6 7.8 0
-1.5 23.5 0
72.4 177.4 0
153.0 246.3 0
192.7 238.8 0
205.0 250.7 0
288.8 232.5 0
253.7 353.9 0
335.3 401.6 0
242.6 292.6 0
251.8 271.8 0
263.2 270.7 0
300.1 292.2 0
330.9 289.1 0
239.3 240.0 0
175.3 182.0 0
142.7 117.1 0
70.6 122.4 0
64.7 60.1 0
24.5 84.2 0
-6.4 3.5 0
-107.5 37.1 0
-139.6 -58.3 0
-101.1 -109.1 0
-156.6 -173.9 0
-151.9 -189.6 0
-216.8 -214.7 0
-363.5 -172.2 0
-334.6 -270.6 0
-352.0 -422.5 0
-381.5 -448.0 0
-448.2 -463.1 0
-417.9 -397.1 0
-459.2 -423.5 0
-496.8 -508.5 0
-518.0 -512.3 0
-408.2 -404.5 0
-429.7 -427.3 0
-402.4 -421.1 0
-373.6 -426.8 0
-342.3 -415.2 0
-378.4 -383.9 0
-364.5 -333.0 0
-312.2 -239.4 0
-272.4 -234.6 0
-233.8 -179.8 0
-188.2 -84.2 0
-138.7 -109.5 0
-100.2 -31.3 0
-4.3 7.2 0
67.8 30.8 0
34.5 65.2 0
66.5 93.3 0
79.4 99.2 0
156.6 195.5 0
162.1 232.4 0
255.7 240.7 0
219.5 233.8 0
274.7 220.0 0
310.3 281.6 0
349.2 333.0 0
361.8 298.3 0
323.0 260.2 0
269.3 258.2 0
302.9 248.1 0
256.5 200.3 0
190.0 152.9 0
121.3 161.1 0
58.3 144.2 0
-0.1 28.3 0
-15.7 39.4 0
-80.1 42.5 0
-105.6 -34.0 0
-139.6 -43.3 0
-124.1 -94.8 0
-292.4 -144.8 0
-312.2 -191.1 0
-256.7 -252.1 0
-265.7 -347.6 0
-246.5 -326.2 0
-322.7 -397.6 0
-328.6 -481.9 0
-419.7 -419.2 0
-320.6 -429.0 0
-337.2 -429.5 0
-452.1 -462.1 0
-434.9 -470.2 0
-434.8 -392.5 0
-423.2 -318.5 0
-393.4 -223.7 0
-331.1 -338.5 0
-399.1 -341.7 0
-354.4 -283.4 0
-290.5 -315.3 0
-289.9 -273.5 0
-242.0 -310.5 0
-139.6 -153.7 0
-29.1 -137.4 0
-28.2 -47.2 0
21.4 -29.2 0
63.6 -39.1 0
92.7 33.3 0
113.8 76.8 0
80.6 71.4 0
100.3 233.4 0
183.1 215.2 0
232.4 258.6 0
284.1 251.5 0
255.4 221.5 0
353.6 152.2 0
382.0 139.5 0
305.4 225.7 0
276.8 237.2 0
282.1 236.5 0
259.1 253.0 0
218.9 261.3 0
198.3 290.2 0
225.7 157.3 0
166.8 145.5 0
31.0 126.7 0
32.9 51.8 0
-62.1 84.7 0
-49.0 80.4 0
-54.2 -25.7 0
-38.3 -77.4 0
-179.0 -121.3 0
-182.3 -164.0 0
-312.3 -270.8 0
-306.6 -316.7 0
-365.0 -346.5 0
-449.3 -417.7 0
-397.7 -404.1 0
-373.5 -470.9 0
-498.9 -410.5 0
-521.3 -449.8 0
-523.8 -422.0 0
-436.0 -389.8 0
-409.7 -489.9 0
-395.2 -445.0 0
-412.5 -354.8 0
-389.6 -290.0 0
-292.3 -341.8 0
-266.6 -270.5 0
-213.6 -260.7 0
-212.6 -206.8 0
-129.8 -220.1 0
-59.9 -167.5 0
-105.0 -96.7 0
-66.4 -31.3 0
-109.4 73.3 0
-4.9 56.5 0
139.9 14.2 0
157.4 118.1 0
119.4 185.9 0
86.4 157.4 0
113.7 183.4 0
174.4 247.5 0
252.4 337.0 0
299.6 309.0 0
219.0 222.1 0
264.2 186.6 0
236.6 197.3 0
235.2 247.9 0
191.8 225.7 0
264.2 233.6 0
221.2 248.5 0
208.4 151.5 0
198.6 157.5 0
183.3 145.6 0
152.7 111.3 0
49.6 -6.3 0
5.9 -18.2 0
8.8 -61.2 0
-137.5 -128.4 0
-155.0 -92.4 0
-168.0 -118.9 0
-165.9 -179.1 0
-213.4 -230.3 0
-328.9 -254.1 0
-405.9 -313.0 0
-436.8 -439.9 0
-416.8 -463.0 0
-408.6 -458.8 0
-364.9 -439.9 0
-426.8 -424.0 0
-404.0 -518.1 0
-439.3 -531.4 0
-504.3 -469.1 0
-465.2 -381.5 0
-402.6 -443.4 0
-418.3 -424.2 0
-355.9 -393.9 0
-382.3 -393.0 0
-314.5 -291.9 0
-329.2 -292.3 0
-191.9 -223.2 0
-176.9 -113.7 0
-135.7 -136.2 0
-121.7 -94.9 0
-51.6 -79.6 0
-45.4 -23.2 0
-8.2 5.7 0
36.4 61.1 0
64.5 85.0 0
203.3 114.3 0
205.3 186.2 0
190.2 266.6 0
263.3 197.3 0
268.8 283.3 0
284.9 287.5 0
363.9 326.2 0
259.0 327.9 0
335.0 278.8 0
233.2 291.1 0
192.9 185.5 0
271.4 146.9 0
239.3 69.1 0
185.2 146.3 0
123.2 202.1 0
112.7 137.0 0
28.5 17.3 0
-54.6 -14.2 0
19.5 -28.8 0
-91.6 -134.1 0
-114.9 -203.8 0
-105.4 -168.7 0
-267.3 -206.7 0
-317.4 -313.6 0
-287.3 -330.6 0
-382.2 -435.1 0
-402.0 -480.5 0
-479.6 -464.8 0
-506.5 -504.2 0
-583.4 -438.3 0
-530.4 -396.1 0
-485.5 -356.1 0
-405.4 -376.9 0
-450.0 -396.7 0
-454.0 -382.1 0
-499.0 -372.1 0
-423.8 -357.5 0
-316.2 -381.0 0
-284.0 -351.5 0
-225.1 -344.8 0
-232.8 -327.2 0
-133.8 -306.8 0
-66.0 -178.3 0
-89.4 -160.0 0
-68.4 -55.3 0
4.8 -68.8 0
16.8 3.6 0
55.6 30.0 0
107.0 35.8 0
156.2 77.6 0
196.9 129.0 0
229.4 158.0 0
273.3 197.6 0
312.4 260.3 0
333.7 242.1 0
238.6 246.2 0
280.8 272.1 0
290.8 260.6 0
279.8 307.2 0
249.5 280.8 0
329.4 261.4 0
284.9 206.7 0
181.5 153.8 0
151.0 155.8 0
108.3 115.8 0
137.9 111.6 0
93.5 108.4 0
-9.6 29.6 0
-52.0 -26.4 0
-88.1 -65.8 0
-109.6 -156.7 0
-154.7 -170.1 0
-270.3 -181.8 0
-353.3 -352.5 0
-362.6 -375.6 0
-311.5 -322.8 0
-312.4 -335.6 0
-360.1 -374.6 0
-378.7 -460.3 0
-458.8 -449.6 0
-423.0 -437.8 0
-439.4 -524.5 0
-453.7 -497.5 0
-377.0 -447.0 0
-353.5 -420.1 0
-345.1 -376.8 0
-357.1 -334.3 0
-377.3 -359.7 0
-365.7 -348.5 0
-241.2 -314.3 0
-242.7 -238.3 0
-169.9 -165.1 0
-189.7 -119.0 0
-209.9 -119.8 0
-100.5 -83.8 0
-58.4 15.1 0
-49.7 55.0 0
17.0 87.0 0
88.4 30.1 0
102.4 118.1 0
97.0 140.7 0
139.7 154.4 0
114.7 120.9 0
185.2 204.2 0
250.2 347.8 0
286.7 279.3 0
354.0 336.1 0
339.1 261.4 0
279.5 278.9 0
283.1 316.2 0
220.0 309.4 0
236.0 209.9 0
181.8 242.5 0
229.1 171.5 0
157.8 89.1 0
62.0 106.1 0
38.6 82.4 0
25.1 -35.5 0
-15.4 -54.1 0
-64.5 -36.4 0
-117.1 -149.1 0
-151.4 -203.7 0
-152.5 -162.4 0
-206.3 -305.7 0
-318.0 -306.2 0
-320.3 -268.8 0
-389.2 -345.2 0
-413.9 -339.2 0
-483.2 -397.8 0
-436.3 -431.6 0
-427.1 -455.5 0
-409.1 -448.3 0
-474.4 -403.2 0
-506.7 -393.6 0
-480.1 -430.6 0
-435.6 -411.8 0
-482.8 -350.0 0
-468.1 -307.7 0
-450.1 -279.7 0
-325.6 -295.2 0
-315.7 -227.8 0
-217.7 -174.5 0
-128.1 -99.1 0
-127.6 -75.8 0
-84.1 -73.4 0
-103.4 -38.1 0
-23.5 -24.2 0
37.9 82.7 0
109.6 232.3 0
175.0 206.2 0
226.7 231.9 0
192.6 236.6 0
226.2 278.1 0
228.7 289.1 0
265.9 317.5 0
368.9 308.3 0
292.7 312.2 0
197.3 310.3 0
284.3 313.4 0
327.4 289.5 0
260.7 236.4 0
236.6 223.1 0
235.1 236.6 0
191.6 203.2 0
149.5 139.6 0
156.1 172.6 0
-10.4 57.1 0
71.1 -2.0 0
56.8 -70.0 0
8.0 -76.8 0
-103.1 -122.3 0
-191.1 -178.5 0
-277.1 -177.9 0
-241.8 -211.4 0
-264.1 -265.1 0
-337.4 -302.6 0
-404.2 -374.6 0
-446.2 -437.8 0
-385.9 -396.7 0
-352.2 -416.6 0
-363.9 -425.8 0
-385.4 -524.7 0
-483.4 -501.5 0
-415.8 -407.3 0
-433.3 -370.9 0
-520.8 -381.8 0
-425.1 -376.0 0
-476.0 -393.2 0
-386.5 -295.2 0
-338.0 -250.3 0
-273.4 -219.4 0
-282.7 -189.3 0
-238.4 -150.9 0
-151.9 -94.6 0
-128.6 -68.8 0
-36.4 -83.2 0
-27.3 6.7 0
129.6 74.6 0
100.8 101.5 0
140.4 120.9 0
147.0 162.1 0
196.6 127.6 0
235.2 234.6 0
264.4 186.7 0
245.8 235.0 0
237.2 222.2 0
232.5 296.7 0
237.5 248.9 0
249.6 314.6 0
205.4 334.2 0
125.6 308.6 0
227.2 308.1 0
186.0 263.4 0
160.5 158.7 0
184.2 121.2 0
102.2 149.8 0
103.6 168.4 0
57.0 81.7 0
-58.8 -57.7 0
-15.6 -52.8 0
-78.2 -121.6 0
-148.6 -155.9 0
-292.6 -148.0 0
-304.9 -115.4 0
-279.3 -263.1 0
-256.2 -220.4 0
-347.4 -223.0 0
-332.9 -358.2 0
-365.1 -377.7 0
-489.9 -493.0 0
-509.0 -456.0 0
-482.8 -409.3 0
-438.7 -385.8 0
-424.5 -415.2 0
-436.7 -467.5 0
-487.8 -419.7 0
-448.9 -405.3 0
-441.6 -360.0 0
-333.0 -350.1 0
-229.0 -323.8 0
-300.8 -344.5 0
-273.2 -271.7 0
-206.0 -189.8 0
-190.4 -188.1 0
-67.2 -4.2 0
-95.4 42.6 0
-27.2 0.4 0
125.7 68.5 0
93.2 201.5 0
105.6 121.7 0
164.1 175.2 0
234.6 221.2 0
223.2 191.9 0
233.0 201.4 0
224.3 251.2 0
220.7 381.9 0
273.7 285.3 0
250.9 278.8 0
260.0 302.6 0
219.9 306.0 0
271.6 332.7 0
168.7 240.7 0
198.0 250.6 0
193.1 141.6 0
135.7 111.3 0
186.5 93.7 0
79.5 60.4 0
7.2 40.7 0
-12.6 -90.4 0
-89.3 -87.6 0
-123.0 -119.9 0
-290.1 -109.5 0
-256.5 -191.9 0
-228.3 -211.8 0
-334.8 -305.5 0
-316.5 -375.9 0
-339.6 -389.5 0
-379.8 -391.5 0
-402.2 -365.7 0
-377.3 -356.0 0
-396.0 -397.7 0
-392.9 -437.0 0
-447.2 -412.6 0
-392.5 -466.1 0
-429.0 -484.5 0
-422.1 -490.1 0
-363.1 -479.4 0
-275.2 -472.0 0
-391.4 -381.4 0
-299.6 -318.4 0
-225.6 -309.1 0
-249.6 -338.8 0
-179.4 -233.8 0
-146.6 -218.6 0
-35.6 -129.6 0
-26.8 -128.8 0
-80.2 -18.7 0
-34.5 7.6 0
110.5 58.6 0
83.1 62.1 0
135.0 55.1 0
194.1 196.1 0
197.6 195.0 0
187.1 281.7 0
375.3 240.4 0
390.9 297.9 0
342.1 292.9 0
153.1 289.7 0
179.7 187.7 0
266.5 226.0 0
253.1 290.5 0
244.5 162.4 0
295.8 137.6 0
217.6 132.4 0
140.9 126.9 0
119.7 70.5 0
32.7 49.9 0
49.6 -42.4 0
63.6 -141.0 0
64.8 -57.2 0
-79.2 -129.9 0
-227.4 -166.2 0
-284.0 -168.7 0
-226.0 -250.5 0
-327.9 -172.7 0
-368.1 -296.0 0
-428.3 -322.2 0
-343.3 -390.9 0
-423.1 -414.1 0
-529.2 -364.6 0
-475.3 -370.0 0
-419.9 -441.9 0
-401.7 -461.0 0
-393.5 -455.5 0
-460.2 -437.1 0
-456.8 -450.6 0
-351.8 -426.4 0
-340.4 -421.6 0
-296.9 -442.5 0
-280.1 -299.7 0
-286.8 -273.5 0
-219.6 -292.3 0
-212.9 -233.6 0
-224.7 -201.7 0
-116.6 -184.8 0
-126.0 -76.2 0
-28.6 -104.9 0
18.6 -1.0 0
0.4 44.0 0
91.8 52.0 0
163.0 71.5 0
177.4 143.5 0
200.6 277.4 0
294.4 297.4 0
308.3 256.8 0
295.5 280.6 0
228.0 271.0 0
313.3 281.0 0
265.3 277.7 0
155.8 267.2 0
149.3 251.0 0
201.3 297.0 0
263.0 173.9 0
202.5 126.2 0
105.3 123.8 0
108.5 126.4 0
101.2 133.6 0
45.0 48.8 0
1.4 -82.0 0
-16.7 -40.5 0
-134.7 -75.7 0
-86.0 -170.7 0
-125.3 -229.3 0
-201.1 -331.8 0
-211.9 -276.0 0
-228.0 -388.5 0
-274.2 -382.5 0
-304.8 -415.9 0
-395.0 -370.7 0
-399.2 -384.5 0
-421.0 -473.4 0
-483.8 -511.3 0
-395.3 -487.1 0
-407.6 -502.7 0
-494.9 -517.3 0
-355.8 -471.4 0
-409.4 -408.8 0
-417.1 -438.3 0
-372.6 -442.9 0
-351.6 -447.5 0
-306.0 -376.7 0
-234.7 -322.9 0
-224.5 -200.5 0
-157.2 -208.9 0
-76.7 -199.3 0
-71.6 -144.2 0
-84.9 -42.9 0
-47.5 23.7 0
80.6 130.3 0
75.4 127.6 0
108.5 142.5 0
196.8 243.2 0
195.7 212.9 0
281.6 187.5 0
270.7 204.9 0
235.8 213.0 0
303.5 261.9 0
277.1 294.0 0
258.7 280.5 0
213.1 287.0 0
217.9 271.0 0
199.7 170.2 0
304.5 139.7 0
233.7 131.7 0
116.9 198.1 0
150.6 159.8 0
58.6 6.8 0
79.5 -107.4 0
64.3 -46.3 0
-19.8 -3.1 0
-3.4 -65.0 0
-80.5 -127.0 0
-195.4 -174.4 0
-191.9 -157.6 0
-165.9 -161.1 0
-185.0 -215.4 0
-331.7 -332.3 0
-379.8 -334.8 0
-400.4 -399.9 0
-420.4 -373.0 0
-452.6 -368.1 0
-418.7 -505.7 0
-497.4 -548.3 0
-419.9 -469.0 0
-351.6 -483.3 0
-410.6 -380.0 0
-466.7 -369.0 0
-417.0 -433.8 0
-355.2 -420.4 0
-303.5 -435.5 0
-309.9 -348.5 0
-251.2 -273.1 0
-233.2 -244.7 0
-168.0 -217.4 0
-120.3 -157.8 0
-43.9 -62.1 0
-104.7 -35.9 0
-48.9 66.7 0
26.1 102.6 0
39.9 178.1 0
58.6 141.6 0
157.6 134.5 0
191.6 248.8 0
201.3 227.8 0
194.7 188.2 0
253.2 172.4 0
206.8 149.3 0
285.8 210.6 0
272.3 148.7 0
275.5 127.6 0
286.1 127.4 0
296.2 215.3 0
235.2 216.5 0
194.4 121.7 0
240.9 106.2 0
148.6 100.4 0
60.0 60.4 0
-36.0 21.2 0
-19.8 -52.5 0
-60.2 -96.1 0
-92.2 -114.5 0
-171.0 -124.3 0
-121.4 -149.7 0
-213.8 -199.0 0
-314.8 -258.6 0
-332.6 -296.9 0
-304.2 -347.5 0
-308.9 -434.0 0
-298.6 -381.3 0
-352.4 -431.8 0
-440.2 -494.9 0
-467.6 -435.5 0
-444.7 -383.8 0
-403.3 -432.7 0
-422.9 -419.6 0
-403.8 -473.7 0
-412.7 -450.6 0
-486.1 -415.6 0
-469.3 -369.5 0
-401.8 -307.5 0
-330.7 -285.9 0
-342.9 -256.9 0
-299.6 -214.0 0
-156.3 -132.0 0
-93.6 -114.7 0
-53.3 -23.9 0
-3.7 -64.8 0
-22.6 -68.8 0
36.8 23.4 0
58.1 126.9 0
117.3 96.0 0
81.9 152.7 0
188.9 261.1 0
177.8 184.4 0
242.1 250.8 0
169.4 339.2 0
217.9 282.2 0
265.8 302.6 0
282.0 252.0 0
320.5 291.8 0
315.6 235.0 0
244.5 250.9 0
292.5 245.0 0
166.1 232.1 0
164.2 171.0 0
48.6 33.7 0
53.7 13.6 0
88.3 89.9 0
7.8 56.1 0
-10.2 16.5 0
-72.9 -5.3 0
-86.2 -79.7 0
-116.5 -215.5 0
-211.0 -301.3 0
-174.5 -313.5 0
-310.1 -304.1 0
-346.7 -237.3 0
-368.8 -230.1 0
-368.9 -360.0 0
-508.8 -427.2 0
-448.1 -448.2 0
-417.9 -463.4 0
-459.7 -446.7 0
-482.4 -497.3 0
-490.7 -501.2 0
-425.5 -504.7 0
-452.6 -439.0 0
-430.6 -348.5 0
-318.2 -285.4 0
-321.5 -209.6 0
-339.1 -222.0 0
-290.1 -247.5 0
-255.3 -208.9 0
-143.6 -211.9 0
-137.1 -148.1 0
-112.8 -150.9 0
-82.2 -130.2 0
0.5 -97.8 0
37.3 35.9 0
117.2 84.9 0
84.9 154.5 0
109.2 183.9 0
125.4 125.6 0
205.4 109.9 0
213.7 130.3 0
203.3 168.0 0
183.8 154.1 0
135.7 127.2 0
178.0 209.5 0
187.2 239.9 0
167.8 193.4 0
195.2 200.8 0
233.7 199.7 0
140.8 160.4 0
105.0 113.6 0
170.8 113.1 0
143.5 129.7 0
28.9 58.6 0
39.2 54.9 0
-90.7 -67.8 0
-21.6 -114.2 0
-142.2 -192.9 0
-208.1 -225.1 0
-317.7 -194.8 0
-345.9 -306.8 0
-306.9 -321.2 0
-350.8 -322.5 0
-335.4 -377.8 0
-392.5 -404.1 0
-368.0 -471.1 0
-339.6 -464.8 0
-466.7 -483.4 0
-463.7 -543.8 0
-436.6 -510.3 0
-515.8 -510.9 0
-438.9 -436.8 0
-455.8 -438.5 0
-477.5 -386.8 0
-401.7 -361.5 0
-360.0 -298.9 0
-243.6 -343.2 0
-224.4 -342.0 0
-264.1 -353.5 0
-157.9 -194.4 0
-150.3 -88.9 0
-143.4 -64.0 0
-94.9 14.2 0
-90.7 27.9 0
-18.4 -71.5 0
22.5 -52.2 0
74.0 80.6 0
187.0 188.0 0
209.8 120.9 0
225.7 137.0 0
247.2 183.8 0
298.7 232.0 0
291.8 303.0 0
324.3 214.6 0
349.8 246.3 0
309.5 219.6 0
307.9 177.3 0
251.5 255.4 0
181.0 267.8 0
213.5 128.3 0
177.0 157.2 0
105.0 153.2 0
74.0 133.6 0
54.3 132.2 0
0.1 111.7 0
-2.8 15.8 0
-24.6 -135.9 0
-130.1 -140.4 0
-120.5 -148.0 0
-240.0 -195.5 0
-249.6 -219.1 0
-218.6 -279.5 0
-240.7 -375.6 0
-334.9 -417.2 0
-367.2 -444.8 0
-357.6 -476.4 0
-462.7 -416.6 0
-524.4 -515.6 0
-479.2 -423.7 0
-405.7 -481.4 0
-463.1 -442.5 0
-429.0 -387.5 0
-453.6 -404.2 0
-403.0 -340.5 0
-441.7 -342.1 0
-288.5 -308.2 0
-347.2 -315.2 0
-327.1 -203.8 0
-221.9 -296.6 0
-169.6 -272.2 0
-139.7 -124.7 0
-166.2 -138.5 0
-31.0 -64.9 0
9.7 -82.7 0
137.0 38.0 0
114.8 80.1 0
103.0 92.9 0
118.4 140.0 0
184.3 152.1 0
218.7 145.4 0
178.7 341.1 0
268.9 303.9 0
338.3 358.7 0
300.8 374.3 0
323.7 345.6 0
296.6 224.0 0
301.9 313.0 0
343.3 283.8 0
260.1 239.4 0
225.7 225.8 0
196.3 111.2 0
144.5 121.4 0
130.3 118.7 0
115.1 94.9 0
133.5 48.1 0
36.5 25.8 0
-16.1 -8.3 0
-126.7 -108.2 0
-124.9 -129.2 0
-153.1 -164.5 0
-175.8 -243.4 0
-244.9 -256.3 0
-252.5 -258.8 0
-296.4 -239.5 0
-357.4 -269.3 0
-377.5 -374.6 0
-424.3 -413.1 0
-439.6 -440.0 0
-439.7 -484.9 0
-405.9 -382.2 0
-546.9 -488.9 0
-542.5 -378.0 0
-506.1 -439.2 0
-385.3 -364.4 0
-385.8 -396.8 0
-384.3 -345.0 0
-406.2 -389.5 0
-308.3 -344.2 0
-223.1 -199.4 0
-256.0 -196.4 0
-191.5 -191.4 0
-84.4 -106.8 0
40.3 -52.1 0
61.2 -90.9 0
47.6 -33.3 0
83.0 10.3 0
67.4 142.3 0
104.5 171.2 0
123.5 137.5 0
214.7 244.3 0
212.2 317.4 0
195.3 341.3 0
259.6 344.2 0
214.7 286.2 0
316.3 222.0 0
275.2 293.0 0
283.0 243.1 0
171.8 292.0 0
285.8 242.6 0
300.5 242.8 0
234.5 201.2 0
174.1 168.1 0
139.7 123.9 0
53.5 83.3 0
-4.3 -2.0 0
-69.3 -119.9 0
-51.9 -76.6 0
-59.3 -139.0 0
-137.4 -184.5 0
-267.3 -244.7 0
-240.9 -271.9 0
-347.0 -309.0 0
-324.6 -295.1 0
-402.6 -331.7 0
-403.3 -344.2 0
-397.7 -402.1 0
-459.3 -326.2 0
-410.6 -407.6 0
-396.7 -393.1 0
-386.8 -421.9 0
-433.3 -443.8 0
-464.5 -465.2 0
-524.2 -470.0 0
-513.8 -393.9 0
-411.5 -375.5 0
-343.8 -379.3 0
-290.8 -393.0 0
-289.9 -332.0 0
-270.1 -256.4 0
-224.6 -292.0 0
-162.7 -197.0 0
-140.8 -74.4 0
-39.8 32.4 0
-33.2 35.0 0
88.6 -41.5 0
60.1 90.8 0
114.3 109.7 0
136.5 202.8 0
212.0 157.4 0
201.9 171.2 0
260.7 194.6 0
286.4 315.7 0
288.0 355.9 0
322.3 332.6 0
333.3 305.0 0
299.7 228.4 0
228.3 315.9 0
226.0 226.7 0
286.1 274.6 0
259.9 246.6 0
271.7 273.1 0
160.9 247.9 0
104.1 269.6 0
224.5 164.0 0
64.3 40.8 0
28.8 34.9 0
-33.7 -77.5 0
-103.5 -33.8 0
-129.5 7.5 0
-135.9 -106.9 0
-157.2 -131.6 0
-289.2 -215.8 0
-404.9 -295.0 0
-448.1 -404.4 0
-446.7 -389.3 0
-418.9 -338.1 0
-439.8 -335.2 0
-469.2 -360.6 0
-529.4 -362.0 0
-444.6 -402.9 0
-414.8 -471.5 0
-382.3 -472.2 0
-453.2 -540.6 0
-472.6 -471.4 0
-349.3 -334.1 0
-348.5 -356.6 0
-315.4 -376.4 0
-318.6 -329.0 0
-235.0 -251.0 0
-225.0 -174.2 0
-161.0 -251.9 0
-4.8 -168.7 0
-1.1 -81.9 0
-59.8 -106.6 0
-60.2 -30.2 0
73.7 -9.5 0
113.2 116.8 0
123.6 144.7 0
177.4 196.2 0
202.8 226.8 0
239.1 288.5 0
262.8 208.2 0
164.5 204.8 0
205.8 268.5 0
263.9 276.8 0
231.8 366.2 0
300.0 410.4 0
257.2 351.4 0
250.0 306.5 0
295.7 266.1 0
231.0 197.7 0
156.4 186.1 0
63.8 137.6 0
33.3 163.1 0
-30.9 111.2 0
12.6 4.7 0
-49.6 -48.0 0
-66.6 -25.6 0
-137.0 -75.1 0
-153.7 -53.0 0
-272.7 -168.9 0
-311.6 -168.0 0
-288.8 -197.6 0
-424.2 -264.2 0
-315.8 -350.6 0
-445.1 -445.4 0
-463.1 -484.0 0
-445.9 -443.7 0
-429.1 -421.4 0
-434.2 -486.2 0
-456.9 -448.0 0
-508.6 -366.9 0
-483.6 -364.5 0
-464.7 -365.4 0
-395.2 -309.2 0
-343.8 -309.0 0
-349.0 -345.9 0
-267.0 -347.7 0
-249.9 -270.0 0
-206.3 -145.1 0
-181.2 -110.7 0
-136.9 -81.2 0
-128.4 -115.2 0
-78.5 -31.7 0
27.1 43.0 0
40.6 64.6 0
96.1 186.1 0
176.2 185.3 0
213.7 225.7 0
170.2 99.3 0
233.8 119.4 0
245.0 255.0 0
209.7 324.5 0
257.5 359.0 0
261.2 290.2 0
185.2 248.0 0
303.3 241.7 0
310.0 275.6 0
284.5 298.3 0
223.4 226.8 0
181.3 202.1 0
253.4 190.0 0
192.7 227.4 0
58.6 176.5 0
28.5 117.7 0
11.3 34.5 0
10.7 -45.7 0
-51.2 -58.5 0
-147.3 -117.3 0
-167.4 -166.7 0
-242.6 -207.4 0
-181.0 -202.3 0
-185.4 -313.9 0
-262.1 -374.1 0
-312.6 -320.6 0
-311.4 -389.3 0
-479.1 -396.6 0
-466.7 -438.9 0
-502.5 -468.2 0
-521.8 -536.4 0
-483.6 -426.4 0
-441.6 -457.4 0
-493.4 -427.7 0
-467.2 -369.4 0
-455.8 -362.5 0
-416.1 -393.6 0
-294.1 -359.6 0
-282.4 -340.8 0
-223.2 -226.1 0
-177.7 -230.9 0
-233.9 -223.8 0
-115.7 -130.9 0
-118.9 15.6 0
-91.6 4.3 0
-29.7 42.2 0
74.9 26.1 0
141.0 60.3 0
172.6 89.0 0
213.1 148.9 0
251.4 158.2 0
246.6 343.9 0
199.9 321.6 0
199.1 360.3 0
170.8 315.1 0
176.9 336.6 0
252.4 339.0 0
325.6 217.6 0
331.4 293.6 0
376.3 326.8 0
251.3 186.2 0
189.2 173.8 0
195.4 269.3 0
183.0 168.5 0
235.5 123.1 0
120.3 69.2 0
-26.9 22.9 0
-64.9 -73.6 0
-168.8 -32.1 0
-134.2 -49.8 0
-189.9 -120.6 0
-130.5 -145.5 0
-170.7 -167.2 0
-310.0 -240.9 0
-311.9 -316.7 0
-350.1 -366.2 0
-392.3 -416.2 0
-399.1 -398.6 0
-505.5 -409.7 0
-488.3 -437.1 0
-472.7 -433.0 0
-412.8 -530.2 0
-384.4 -466.6 0
-402.2 -410.2 0
-493.0 -433.3 0
-417.3 -355.8 0
-396.3 -229.4 0
-348.0 -260.8 0
-335.5 -325.4 0
-255.9 -319.2 0
-257.1 -262.9 0
-238.1 -212.0 0
-160.0 -178.9 0
-134.2 -78.1 0
-53.3 -41.3 0
5.9 4.0 0
83.6 101.9 0
144.1 28.8 0
85.6 105.2 0
91.7 72.3 0
219.2 268.2 0
208.6 300.7 0
266.3 268.1 0
222.6 286.3 0
205.3 321.3 0
247.7 325.0 0
185.5 416.7 0
281.5 348.8 0
315.4 231.5 0
249.5 282.0 0
282.8 301.5 0
201.6 251.5 0
204.1 248.3 0
244.5 205.3 0
224.3 112.7 0
154.0 45.2 0
83.0 9.3 0
56.7 -81.0 0
2.9 -29.2 0
-52.6 -124.6 0
-93.8 -136.0 0
-240.6 -215.8 0
-268.9 -261.0 0
-231.9 -210.4 0
-319.9 -277.2 0
-333.0 -288.5 0
-370.0 -331.7 0
-322.2 -335.0 0
-340.2 -460.4 0
-343.3 -464.2 0
-446.6 -437.0 0
-466.2 -429.3 0
-444.0 -511.2 0
-421.9 -451.7 0
-453.3 -442.2 0
-464.6 -421.3 0
-449.1 -390.7 0
-406.9 -383.2 0
-363.0 -329.6 0
-303.0 -230.6 0
-234.1 -207.0 0
-245.8 -148.9 0
-225.9 -72.9 0
-115.7 -85.8 0
-34.8 -6.0 0
-23.5 34.1 0
2.8 16.9 0
27.4 77.8 0
133.0 159.3 0
88.8 151.3 0
165.8 176.0 0
213.0 213.0 0
229.0 73.7 0
316.4 216.6 0
272.5 273.6 0
297.0 263.8 0
295.3 293.0 0
374.1 329.1 0
376.1 339.8 0
209.0 285.7 0
193.4 266.9 0
237.2 248.3 0
208.1 225.2 0
79.0 198.9 0
125.6 201.2 0
90.2 82.0 0
105.8 -35.0 0
-12.2 -96.4 0
-38.7 -73.4 0
-111.6 -95.0 0
-117.8 -121.8 0
-271.0 -188.6 0
-406.2 -148.8 0
-322.7 -159.4 0
-323.0 -165.6 0
-313.6 -210.9 0
-417.8 -309.1 0
-472.4 -343.6 0
-517.2 -489.2 0
-487.5 -476.4 0
-477.0 -392.9 0
-363.8 -442.0 0
-396.1 -397.4 0
-397.7 -377.6 0
-377.5 -427.6 0
-407.5 -356.8 0
-329.9 -446.2 0
-329.2 -372.7 0
-349.4 -278.5 0
-293.6 -224.8 0
-176.0 -140.7 0
-212.5 -100.0 0
-149.7 -111.9 0
-29.9 -91.4 0
-81.0 -33.2 0
-31.5 24.8 0
42.9 52.8 0
83.9 196.5 0
147.5 148.3 0
147.9 162.7 0
148.8 190.0 0
131.7 207.8 0
204.9 316.1 0
262.1 286.5 0
334.7 273.8 0
341.6 271.3 0
295.2 373.3 0
247.7 249.3 0
215.8 270.5 0
275.6 305.4 0
289.8 281.9 0
208.9 238.8 0
172.0 182.6 0
136.8 232.5 0
151.7 149.3 0
76.8 -5.3 0
-14.9 -5.1 0
-119.0 -51.3 0
-124.0 -5.2 0
-93.6 -122.3 0
-213.1 -154.3 0
-215.3 -234.0 0
-133.3 -240.9 0
-153.5 -282.9 0
-206.9 -374.0 0
-271.5 -339.7 0
-340.0 -400.0 0
-395.7 -427.5 0
-420.0 -412.7 0
-457.8 -451.7 0
-478.3 -527.6 0
-449.8 -529.3 0
-440.4 -498.6 0
-389.8 -516.3 0
-334.9 -498.8 0
-367.9 -497.3 0
-380.4 -424.6 0
-340.3 -445.3 0
-337.6 -449.5 0
-325.1 -440.1 0
-226.5 -371.5 0
-202.3 -213.9 0
-182.8 -112.6 0
-97.2 -145.7 0
-29.7 -120.9 0
-15.3 -112.3 0
-98.0 -93.2 0
13.7 -20.8 0
117.0 63.1 0
161.6 49.8 0
170.0 88.1 0
180.0 283.9 0
203.5 278.2 0
164.2 205.3 0
250.0 224.3 0
229.9 200.8 0
335.0 139.9 0
300.4 258.7 0
241.0 281.6 0
250.0 282.6 0
286.6 288.6 0
229.4 267.9 0
190.9 105.4 0
124.8 77.9 0
72.4 78.4 0
68.1 99.6 0
-43.7 38.1 0
-51.0 28.4 0
-86.4 -75.8 0
-52.4 -83.1 0
-148.1 -123.3 0
-190.5 -145.8 0
-214.0 -324.7 0
-230.5 -254.8 0
-281.4 -311.2 0
-362.6 -297.8 0
-398.4 -363.4 0
-359.7 -440.3 0
-388.8 -490.9 0
-396.9 -439.8 0
-533.1 -503.5 0
-491.4 -450.0 0
-444.2 -385.0 0
-531.9 -416.4 0
-479.4 -486.7 0
-468.9 -532.0 0
-326.1 -473.3 0
-359.7 -414.6 0
-369.4 -380.6 0
-304.4 -291.3 0
-305.3 -265.3 0
-324.1 -266.6 0
-214.9 -163.2 0
-123.7 -142.0 0
-133.1 -73.7 0
-71.1 -1.7 0
20.2 -16.4 0
87.9 -50.4 0
86.1 48.7 0
104.2 98.6 0
160.8 136.2 0
160.6 145.1 0
265.6 175.7 0
285.9 158.1 0
318.4 228.2 0
289.9 217.2 0
197.2 316.9 0
251.6 247.4 0
335.8 235.2 0
227.6 212.2 0
202.6 173.9 0
220.8 167.9 0
160.3 103.5 0
161.3 164.1 0
65.0 201.5 0
47.3 171.5 0
154.8 3.6 0
122.0 -19.0 0
29.9 -107.5 0
-88.8 -75.2 0
-164.8 -148.2 0
-146.8 -163.7 0
-286.7 -206.2 0
-256.6 -294.8 0
-329.8 -340.2 0
-347.5 -345.3 0
-462.4 -378.5 0
-450.8 -384.6 0
-429.2 -344.7 0
-503.0 -359.8 0
-449.9 -417.1 0
-429.8 -498.0 0
-445.6 -493.1 0
-403.0 -427.0 0
-418.9 -465.4 0
-353.8 -472.4 0
-338.1 -426.0 0
-311.5 -475.3 0
-348.0 -438.3 0
-379.7 -374.0 0
-336.9 -295.0 0
-218.2 -235.4 0
-217.0 -241.2 0
-140.1 -200.8 0
-62.4 -209.0 0
-70.1 -148.6 0
67.8 -105.8 0
99.7 -13.2 0
87.0 -58.5 0
113.5 62.8 0
226.5 147.2 0
265.5 118.5 0
211.2 172.2 0
266.0 198.9 0
272.4 178.0 0
176.0 202.9 0
223.8 233.9 0
287.6 234.8 0
247.0 229.6 0
211.1 252.0 0
169.8 250.0 0
195.3 201.0 0
208.1 121.4 0
180.4 134.0 0
178.9 117.7 0
123.8 15.3 0
76.2 26.5 0
-16.7 -29.7 0
-39.8 -25.4 0
-43.0 -98.0 0
-58.9 -131.1 0
-172.7 -248.1 0
-199.6 -253.8 0
-322.1 -267.7 0
-319.9 -256.3 0
-375.2 -336.6 0
-366.8 -422.5 0
-398.5 -363.6 0
-440.5 -335.0 0
-413.7 -361.2 0
-432.7 -411.1 0
-446.8 -461.1 0
-431.5 -436.6 0
-483.9 -495.4 0
-513.5 -455.9 0
-477.4 -376.0 0
-420.4 -394.2 0
-422.4 -324.2 0
-315.5 -346.3 0
-302.2 -383.8 0
-193.6 -348.5 0
-225.4 -227.9 0
-220.7 -249.9 0
-239.7 -189.4 0
-206.2 -138.3 0
-18.3 -101.5 0
14.1 -34.5 0
-11.4 -33.1 0
56.3 18.1 0
120.2 104.2 0
221.7 167.8 0
183.4 170.0 0
227.9 189.4 0
257.4 266.4 0
297.5 176.6 0
291.4 216.0 0
272.3 257.7 0
278.1 288.0 0
272.7 318.6 0
281.0 202.0 0
225.2 228.4 0
269.2 229.8 0
228.6 248.0 0
185.8 252.6 0
106.8 129.7 0
70.0 81.7 0
91.1 -11.7 0
100.4 15.5 0
45.3 -60.4 0
-68.6 -114.1 0
-91.2 -126.7 0
-181.0 -176.8 0
-208.9 -202.7 0
-279.4 -271.4 0
-348.2 -391.5 0
-335.9 -388.4 0
-354.2 -451.7 0
-365.6 -422.8 0
-451.9 -487.4 0
-490.9 -470.2 0
-452.6 -450.8 0
-480.4 -492.2 0
-467.8 -460.1 0
-410.7 -493.5 0
-408.3 -502.9 0
-391.8 -556.5 0
-430.8 -475.9 0
-423.1 -415.8 0
-421.8 -364.1 0
-421.6 -375.9 0
-273.6 -329.7 0
-202.0 -296.6 0
-70.7 -271.2 0
-197.7 -202.0 0
-168.9 -111.2 0
-42.6 -127.2 0
-0.8 -70.3 0
104.4 -91.2 0
60.7 -38.8 0
44.7 92.9 0
107.7 151.0 0
187.6 118.8 0
256.3 134.0 0
214.4 79.9 0
215.1 120.7 0
296.2 188.5 0
219.3 223.5 0
320.4 248.4 0
311.4 307.9 0
231.4 215.7 0
296.6 251.0 0
226.4 166.3 0
236.8 195.3 0
166.7 175.9 0
127.7 133.0 0
42.9 126.4 0
42.8 36.0 0
25.5 26.5 0
7.5 -10.9 0
-59.1 -140.8 0
-122.6 -188.8 0
-181.6 -207.7 0
-273.5 -215.5 0
-234.5 -215.2 0
-251.1 -237.7 0
-276.5 -313.5 0
-354.3 -298.6 0
-417.9 -392.0 0
-460.7 -444.0 0
-452.2 -521.3 0
-486.0 -522.6 0
-506.2 -550.9 0
-518.9 -568.5 0
-453.4 -542.5 0
-469.0 -484.4 0
-402.9 -475.6 0
-331.8 -440.7 0
-358.1 -364.4 0
-322.9 -408.0 0
-377.6 -512.1 0
-263.0 -371.4 0
-247.9 -331.2 0
-158.5 -322.9 0
-159.9 -216.5 0
-52.0 -306.0 0
-94.0 -146.5 0
41.6 -129.9 0
-32.6 21.3 0
-17.8 60.8 0
22.1 51.1 0
51.6 132.6 0
111.0 124.4 0
90.4 104.7 0
171.4 191.7 0
235.2 156.8 0
269.2 249.5 0
227.3 285.4 0
233.0 318.8 0
284.1 221.8 0
264.1 275.8 0
296.7 173.7 0
206.1 255.0 0
148.7 209.8 0
146.2 149.2 0
169.8 101.3 0
173.6 172.3 0
133.8 72.5 0
25.4 45.2 0
56.1 -74.3 0
14.2 -142.0 0
-71.9 -177.1 0
-136.6 -203.4 0
-214.5 -228.9 0
-305.8 -227.7 0
-360.4 -284.1 0
-275.1 -396.9 0
-318.1 -446.2 0
-412.1 -481.3 0
-372.9 -510.7 0
-405.7 -542.4 0
-488.7 -518.0 0
-484.9 -444.9 0
-480.6 -476.2 0
-510.7 -543.9 0
-458.3 -493.6 0
-429.3 -408.8 0
-420.2 -418.6 0
-422.9 -343.3 0
-377.7 -396.6 0
-331.6 -331.0 0
-346.2 -389.6 0
-307.5 -316.0 0
-214.8 -226.5 0
-228.6 -197.1 0
-225.6 -106.6 0
-54.0 -125.0 0
-75.7 -95.4 0
-0.7 3.0 0
57.6 -12.6 0
143.5 73.7 0
211.2 86.7 0
183.8 105.1 0
213.6 115.2 0
182.3 160.3 0
226.7 228.6 0
194.9 186.5 0
263.8 240.5 0
293.3 238.2 0
329.1 293.7 0
329.8 268.1 0
239.1 161.5 0
182.7 157.1 0
153.6 167.0 0
230.8 95.1 0
260.6 7.8 0
146.9 96.8 0
22.0 -12.3 0
50.3 -24.1 0
6.9 -58.3 0
3.8 -111.3 0
7.0 -184.4 0
-23.8 -188.9 0
-138.3 -227.9 0
-236.9 -295.6 0
-307.0 -290.3 0
-290.7 -330.3 0
-362.5 -445.7 0
-342.3 -411.9 0
-371.4 -370.1 0
-382.0 -439.8 0
-406.9 -493.3 0
-442.5 -529.0 0
-394.9 -456.5 0
-464.1 -495.8 0
-491.0 -431.1 0
-420.9 -490.9 0
-412.9 -400.7 0
-407.9 -420.5 0
-404.4 -391.2 0
-376.3 -302.0 0
-265.9 -338.9 0
-259.8 -304.0 0
-210.7 -278.5 0
-163.0 -142.9 0
-172.1 -139.7 0
-56.1 -152.1 0
-20.1 -94.1 0
29.2 -54.1 0
52.3 39.0 0
44.2 72.8 0
26.5 160.3 0
96.2 120.6 0
153.2 121.3 0
207.9 269.4 0
206.1 277.9 0
218.2 278.3 0
310.9 265.7 0
284.0 266.8 0
274.5 269.9 0
325.1 229.6 0
351.2 154.3 0
222.5 149.0 0
195.2 189.5 0
131.6 190.5 0
120.6 141.1 0
144.7 210.0 0
105.5 102.8 0
109.4 97.1 0
65.7 2.1 0
-90.8 -28.6 0
-101.8 -109.1 0
-107.9 -164.3 0
-198.0 -124.5 0
-199.0 -275.6 0
-238.4 -217.0 0
-340.3 -262.6 0
-426.1 -315.3 0
-443.8 -347.3 0
-410.7 -368.1 0
-317.6 -486.8 0
-378.5 -486.3 0
-476.9 -493.3 0
-495.3 -489.4 0
-463.8 -470.1 0
-449.1 -391.1 0
-459.4 -466.5 0
-422.7 -457.3 0
-402.0 -476.6 0
-416.5 -362.3 0
-340.9 -258.6 0
-327.3 -302.1 0
-299.8 -288.7 0
-228.5 -259.6 0
-143.4 -323.3 0
-130.5 -155.9 0
-137.4 -46.4 0
-32.0 -79.2 0
-46.5 11.9 0
24.6 48.2 0
104.3 137.5 0
99.5 89.8 0
194.1 143.0 0
258.9 163.5 0
179.2 128.8 0
171.8 120.1 0
245.4 249.6 0
258.8 293.6 0
263.5 295.2 0
300.7 278.6 0
245.2 242.0 0
253.0 223.7 0
260.7 285.1 0
199.7 274.1 0
133.9 240.0 0
75.8 107.0 0
92.4 195.0 0
25.4 80.2 0
-39.6 -12.2 0
-28.5 56.5 0
-36.7 20.6 0
-23.1 -69.2 0
-137.7 -122.6 0
-182.6 -131.8 0
-278.4 -216.7 0
-337.3 -269.2 0
-361.7 -338.2 0
-354.6 -406.9 0
-392.2 -331.3 0
-401.1 -435.2 0
-434.4 -483.4 0
-433.1 -489.4 0
-468.3 -477.8 0
-470.2 -385.1 0
-427.1 -431.9 0
-358.0 -467.5 0
-330.9 -460.2 0
-412.3 -485.3 0
-464.8 -392.2 0
-437.2 -380.0 0
-358.0 -347.5 0
-246.1 -227.5 0
-243.8 -225.0 0
-165.7 -193.4 0
-155.9 -82.9 0
-148.3 -85.3 0
-77.6 -60.1 0
-17.0 34.4 0
-43.0 13.4 0
21.7 62.9 0
91.2 123.0 0
86.4 185.7 0
214.5 237.1 0
244.1 279.6 0
269.4 300.7 0
247.3 304.4 0
296.4 317.6 0
322.3 384.7 0
310.1 382.1 0
338.5 361.1 0
224.6 335.2 0
250.3 318.6 0
273.5 299.3 0
261.0 298.5 0
132.0 198.9 0
136.4 190.9 0
116.5 107.0 0
86.1 52.0 0
100.1 5.7 0
53.6 26.1 0
14.5 -25.4 0
-2.8 -30.3 0
-93.6 -97.4 0
-218.1 -76.6 0
-260.1 -211.1 0
-254.8 -226.8 0
-262.6 -304.3 0
-341.6 -301.3 0
-334.5 -311.7 0
-327.7 -336.4 0
-336.6 -407.3 0
-395.4 -458.7 0
-350.7 -445.2 0
-399.5 -438.8 0
-346.9 -427.1 0
-425.3 -475.4 0
-439.0 -444.1 0
-417.4 -362.2 0
-352.1 -340.4 0
-336.7 -367.5 0
-316.1 -335.0 0
-331.2 -255.2 0
-304.0 -297.9 0
-173.4 -247.0 0
-162.0 -223.6 0
-114.7 -83.1 0
-58.9 26.8 0
31.1 -5.2 0
24.7 52.5 0
40.1 89.5 0
75.0 166.7 0
156.2 229.1 0
159.7 254.2 0
298.1 265.3 0
288.7 307.4 0
260.1 286.7 0
289.7 334.0 0
268.4 361.5 0
294.0 357.2 0
301.0 300.7 0
243.8 310.1 0
310.0 279.5 0
183.8 281.2 0
221.6 264.3 0
246.0 241.6 0
205.6 212.5 0
57.4 165.4 0
81.5 167.7 0
157.6 115.9 0
71.5 85.1 0
115.9 53.6 0
6.9 31.7 0
-81.6 -19.0 0
-94.2 -77.8 0
-9.6 -133.4 0
-203.2 -199.7 0
-240.3 -189.6 0
-394.4 -213.7 0
-363.9 -279.2 0
-344.6 -347.4 0
-384.9 -321.6 0
-378.3 -345.8 0
-382.9 -401.2 0
-401.4 -396.9 0
-409.1 -329.7 0
-460.0 -346.0 0
-505.7 -406.7 0
-449.8 -367.6 0
-397.4 -267.4 0
-371.3 -270.3 0
-338.7 -298.8 0
-305.3 -313.1 0
-264.2 -256.9 0
-184.0 -257.6 0
-178.5 -152.3 0
-69.2 -134.7 0
-99.3 -78.1 0
6.7 -49.7 0
112.6 67.8 0
105.7 190.6 0
113.9 117.1 0
204.4 207.3 0
237.0 218.5 0
232.8 233.3 0
260.4 291.3 0
287.1 276.2 0
297.7 280.6 0
294.7 392.6 0
303.6 400.1 0
205.1 433.4 0
283.4 329.0 0
284.2 342.1 0
259.4 215.2 0
266.7 211.6 0
342.9 277.7 0
312.4 273.5 0
240.3 187.5 0
207.9 205.1 0
92.2 184.2 0
20.0 131.4 0
-24.9 109.8 0
-58.4 -45.0 0
-72.2 -14.5 0
-122.2 -20.0 0
-91.7 -146.6 0
-146.1 -156.7 0
-236.2 -137.7 0
-261.6 -191.5 0
-307.2 -230.4 0
-301.8 -317.0 0
-382.0 -347.4 0
-413.4 -384.8 0
-550.3 -360.3 0
-472.4 -390.0 0
-472.6 -373.4 0
-470.6 -373.1 0
-430.8 -326.5 0
-416.1 -283.3 0
-345.9 -384.1 0
-327.6 -270.0 0
-319.5 -339.0 0
-301.3 -274.8 0
-240.6 -239.4 0
-244.3 -124.9 0
-250.0 -114.6 0
-135.0 -82.6 0
-60.5 -55.0 0
-34.5 15.5 0
-26.5 51.1 0
139.5 89.8 0
113.1 100.1 0
163.1 152.4 0
183.6 169.8 0
259.6 248.8 0
354.9 352.6 0
315.6 318.9 0
351.6 316.8 0
327.5 330.6 0
371.8 338.5 0
292.7 350.1 0
332.7 348.2 0
396.6 333.9 0
359.1 323.6 0
330.2 321.7 0
254.1 282.9 0
182.7 259.6 0
175.0 285.7 0
81.4 235.7 0
58.3 258.8 0
100.3 238.3 0
93.5 105.5 0
-42.8 29.4 0
-74.2 -11.8 0
-173.5 -84.2 0
-209.0 -141.2 0
-178.2 -180.7 0
-136.6 -178.5 0
-272.2 -219.2 0
-379.6 -290.5 0
-444.7 -349.1 0
-516.9 -336.7 0
-418.2 -349.2 0
-443.7 -344.2 0
-439.5 -339.1 0
-465.7 -334.2 0
-459.8 -335.5 0
-460.0 -393.6 0
-405.7 -331.8 0
-360.7 -281.4 0
-359.2 -193.5 0
-340.9 -259.9 0
-261.6 -265.4 0
-301.1 -252.8 0
-255.0 -208.3 0
-270.5 -62.0 0
-245.5 -81.8 0
-116.0 -86.8 0
-95.2 16.3 0
-41.8 35.7 0
-15.7 73.8 0
36.2 107.3 0
176.0 106.6 0
183.4 295.8 0
272.2 301.7 0
260.3 218.4 0
297.6 227.2 0
286.4 303.3 0
358.9 277.8 0
298.4 266.7 0
296.2 387.2 0
299.9 386.8 0
251.4 350.3 0
307.4 329.5 0
276.5 319.2 0
300.2 304.2 0
277.1 274.2 0
226.3 234.3 0
229.8 119.4 0
161.2 161.6 0
77.5 136.3 0
54.0 127.7 0
63.5 20.3 0
-85.6 -79.9 0
-79.8 -80.6 0
-241.0 -135.9 0
-295.1 -123.2 0
-245.2 -250.2 0
-272.2 -328.1 0
-323.2 -311.5 0
-324.0 -371.0 0
-371.6 -379.9 0
-417.4 -359.0 0
-439.5 -415.3 0
-372.3 -295.8 0
-438.5 -341.6 0
-481.4 -329.8 0
-442.9 -337.9 0
-468.6 -345.4 0
-466.9 -372.5 0
-429.7 -388.8 0
-424.6 -405.0 0
-320.7 -405.1 0
-287.0 -339.4 0
-241.5 -222.2 0
-179.7 -127.9 0
-230.9 -196.0 0
-155.5 -140.2 0
-112.1 -70.0 0
-47.2 -1.2 0
-29.7 -58.6 0
32.6 39.3 0
105.0 232.7 0
111.8 195.0 0
103.9 269.0 0
123.3 311.9 0
176.6 416.5 0
135.1 293.5 0
261.4 291.1 0
315.0 284.4 0
281.9 273.9 0
232.4 378.6 0
262.6 323.7 0
215.2 279.1 0
261.9 293.2 0
247.4 320.0 0
228.3 266.9 0
116.9 197.5 0
63.3 131.2 0
71.9 152.2 0
-68.6 93.6 0
35.2 85.6 0
10.7 17.9 0
-16.7 -30.2 0
-140.3 -101.3 0
-175.8 -46.9 0
-275.3 -171.9 0
-264.4 -277.8 0
-407.6 -266.3 0
-366.7 -235.3 0
-358.4 -381.0 0
-296.5 -460.0 0
-332.3 -530.1 0
-433.3 -535.4 0
-504.3 -417.4 0
-505.2 -438.9 0
-412.0 -375.3 0
-482.0 -329.0 0
-460.3 -360.8 0
-434.1 -409.2 0
-481.5 -344.0 0
-365.2 -320.9 0
-334.7 -238.2 0
-298.7 -335.1 0
-225.9 -282.3 0
-150.5 -205.8 0
-150.4 -121.9 0
-196.0 -91.7 0
-81.2 -62.2 0
-25.0 -101.7 0
-29.3 -6.6 0
-26.3 2.1 0
64.9 75.4 0
224.1 68.9 0
235.4 141.0 0
152.2 212.5 0
135.1 206.3 0
192.9 220.7 0
242.5 256.6 0
272.2 292.9 0
254.1 305.5 0
285.6 275.5 0
268.3 384.9 0
219.6 257.2 0
184.7 233.2 0
206.6 263.8 0
200.2 247.8 0
103.9 193.2 0
100.5 51.0 0
181.3 125.0 0
189.1 56.0 0
127.8 111.4 0
3.8 35.2 0
-56.3 -27.6 0
-155.4 -103.6 0
-146.5 -180.9 0
-128.8 -186.1 0
-175.5 -245.6 0
-215.2 -335.0 0
-239.1 -312.8 0
-332.8 -404.4 0
-367.1 -374.9 0
-381.2 -411.2 0
-399.3 -346.3 0
-472.0 -430.1 0
-529.7 -483.9 0
-567.3 -510.4 0
-494.1 -464.0 0
-478.4 -475.1 0
-528.0 -462.7 0
-401.3 -506.9 0
-340.6 -478.6 0
-273.5 -382.0 0
-312.3 -360.1 0
-286.9 -274.6 0
-268.9 -221.0 0
-138.7 -152.2 0
-223.1 -104.1 0
-119.0 -55.1 0
-82.3 -19.8 0
25.5 23.6 0
27.5 8.7 0
20.2 154.4 0
143.5 114.7 0
105.1 148.3 0
165.1 139.4 0
209.3 171.4 0
245.7 204.8 0
242.4 218.3 0
227.9 240.4 0
198.5 190.1 0
240.8 243.3 0
214.2 306.9 0
281.6 285.2 0
217.2 288.3 0
168.7 187.3 0
239.6 126.4 0
258.1 193.0 0
229.2 169.5 0
82.7 135.3 0
10.9 64.5 0
-15.3 52.9 0
-55.5 -11.4 0
-18.7 -52.7 0
-80.2 -97.1 0
-122.9 -188.8 0
-190.6 -234.1 0
-165.8 -309.6 0
-269.1 -351.1 0
-337.0 -374.9 0
-334.4 -348.6 0
-416.9 -378.3 0
-489.5 -362.4 0
-470.7 -391.5 0
-474.7 -424.8 0
-445.4 -415.3 0
-366.9 -360.6 0
-367.7 -425.8 0
-450.8 -407.7 0
-417.5 -342.3 0
-470.9 -322.9 0
-370.6 -294.6 0
-373.3 -269.7 0
-373.8 -296.9 0
-311.8 -338.0 0
-297.2 -358.3 0
-185.5 -251.0 0
-130.9 -153.7 0
-105.1 -93.9 0
-32.6 -97.5 0
-43.2 -32.5 0
62.7 47.1 0
96.8 113.1 0
45.2 83.5 0
200.9 121.3 0
162.3 182.0 0
116.5 236.2 0
171.7 211.3 0
221.4 271.7 0
203.8 169.4 0
177.1 229.0 0
210.5 233.0 0
196.6 281.3 0
246.0 274.0 0
231.0 260.6 0
219.5 125.5 0
120.4 205.3 0
124.5 195.5 0
178.0 99.6 0
69.7 1.8 0
12.6 -39.6 0
-4.5 -12.1 0
6.1 -6.4 0
-109.8 -41.0 0
-99.9 -119.1 0
-103.2 -113.8 0
-157.8 -126.9 0
-316.7 -195.2 0
-394.3 -263.5 0
-393.3 -321.9 0
-391.2 -324.6 0
-357.3 -363.3 0
-469.7 -378.1 0
-487.9 -415.0 0
-459.9 -419.0 0
-415.3 -493.7 0
-506.4 -527.4 0
-453.2 -461.5 0
-456.0 -522.2 0
-502.6 -415.8 0
-416.0 -442.4 0
-370.5 -367.5 0
-418.6 -369.9 0
-273.5 -287.3 0
-242.6 -322.4 0
-146.0 -270.7 0
-189.7 -231.6 0
-206.4 -155.3 0
-167.0 -206.4 0
-38.6 -106.5 0
-60.1 -14.6 0
53.9 10.1 0
76.6 34.9 0
172.9 -4.4 0
197.6 61.0 0
158.5 112.6 0
191.8 155.8 0
188.2 241.1 0
131.8 253.0 0
293.3 281.6 0
301.2 352.1 0
277.2 365.8 0
227.7 322.7 0
278.2 278.3 0
267.4 302.3 0
251.8 274.6 0
195.4 252.4 0
163.8 239.6 0
176.8 188.8 0
52.3 117.9 0
111.5 129.5 0
14.8 -8.6 0
-33.9 -43.6 0
-3.9 -49.1 0
-112.0 -62.7 0
-213.7 -87.8 0
-195.8 -113.8 0
-290.0 -220.2 0
-269.8 -366.2 0
-335.4 -334.1 0
-307.5 -375.2 0
-334.2 -360.1 0
-373.4 -362.3 0
-463.5 -414.5 0
-425.4 -434.7 0
-431.5 -474.0 0
-477.3 -438.2 0
-459.5 -394.4 0
-529.8 -419.3 0
-490.2 -391.7 0
-396.0 -364.6 0
-338.6 -329.3 0
-288.9 -339.5 0
-348.0 -392.0 0
-284.9 -307.5 0
-287.9 -227.7 0
-272.2 -199.7 0
-105.7 -146.1 0
-125.6 -55.0 0
-13.0 -85.8 0
41.7 13.5 0
18.6 3.9 0
39.9 98.2 0
89.1 121.1 0
54.3 189.8 0
167.4 161.9 0
255.5 234.8 0
259.3 162.5 0
243.4 236.0 0
265.2 317.2 0
231.1 263.7 0
324.8 302.7 0
208.7 236.8 0
185.1 310.5 0
183.9 301.9 0
151.7 154.3 0
226.1 224.0 0
199.4 189.6 0
142.5 133.4 0
146.6 102.3 0
123.8 75.9 0
77.4 57.9 0
73.9 -64.4 0
98.1 -44.5 0
1.0 -112.2 0
-52.0 -127.0 0
-130.7 -166.2 0
-257.8 -236.7 0
-236.7 -285.3 0
-306.6 -269.5 0
-373.4 -301.8 0
-313.0 -369.3 0
-413.1 -362.0 0
-398.5 -331.8 0
-344.2 -413.5 0
-354.3 -506.8 0
-357.7 -498.2 0
-341.5 -421.5 0
-414.4 -376.7 0
-393.1 -289.9 0
-404.8 -371.2 0
-386.6 -376.1 0
-292.4 -270.6 0
-278.5 -405.7 0
-301.7 -361.2 0
-289.4 -232.2 0
-143.5 -256.6 0
-99.3 -226.2 0
-180.9 -141.8 0
-172.9 -60.6 0
7.8 -47.7 0
69.0 50.1 0
196.4 126.3 0
195.5 128.8 0
198.6 177.0 0
167.1 242.9 0
164.0 327.0 0
275.8 214.6 0
320.0 180.3 0
319.8 227.9 0
234.4 215.6 0
203.8 182.0 0
192.8 228.9 0
263.4 310.3 0
251.3 340.6 0
249.3 254.0 0
296.3 242.8 0
220.3 196.6 0
172.8 215.9 0
125.6 147.8 0
91.3 138.9 0
98.4 103.9 0
61.8 56.4 0
31.5 30.8 0
-48.7 -29.8 0
-73.8 -81.8 0
-163.5 -86.3 0
-162.1 -172.5 0
-227.9 -216.5 0
-280.0 -300.2 0
-337.8 -362.9 0
-462.5 -421.1 0
-448.3 -470.0 0
-346.3 -455.8 0
-422.5 -529.2 0
-435.6 -378.2 0
-410.6 -412.0 0
-459.6 -334.0 0
-448.1 -363.9 0
-375.1 -457.9 0
-396.5 -440.0 0
-357.6 -345.9 0
-408.7 -363.9 0
-326.0 -374.5 0
-300.6 -289.5 0
-266.3 -273.2 0
-208.0 -203.5 0
-136.4 -155.9 0
-75.7 -60.6 0
-85.2 -55.5 0
-90.9 -34.0 0
4.0 100.7 0
81.3 168.2 0
187.0 174.2 0
242.8 176.7 0
257.2 207.7 0
252.2 277.2 0
260.4 241.6 0
229.0 199.3 0
307.3 276.2 0
289.4 306.0 0
327.4 316.3 0
354.8 317.8 0
348.6 299.7 0
339.6 280.9 0
235.6 238.1 0
273.7 193.4 0
253.6 175.0 0
81.7 165.2 0
66.5 140.6 0
154.5 132.3 0
99.7 60.1 0
124.4 6.3 0
6.3 51.9 0
-23.4 25.6 0
-125.4 -80.9 0
-141.8 -164.2 0
-126.8 -211.1 0
-250.0 -182.1 0
-263.3 -243.4 0
-304.2 -323.9 0
-296.6 -378.0 0
-333.2 -329.8 0
-352.5 -418.9 0
-393.7 -437.6 0
-409.4 -374.8 0
-484.3 -417.7 0
-439.5 -365.2 0
-391.5 -386.6 0
-406.9 -399.7 0
-448.1 -291.6 0
-480.1 -256.6 0
-340.8 -379.7 0
-374.7 -353.1 0
-275.0 -276.7 0
-299.8 -223.4 0
-277.0 -249.8 0
-231.3 -204.6 0
-188.1 -201.6 0
-131.2 -70.0 0
-21.9 -62.9 0
19.9 -17.7 0
49.6 48.9 0
-37.9 63.7 0
70.0 116.7 0
93.4 226.1 0
236.0 266.8 0
272.4 277.5 0
319.6 287.0 0
283.2 283.3 0
342.3 298.1 0
246.7 391.8 0
367.1 319.3 0
353.7 232.0 0
296.4 361.0 0
238.6 398.8 0
139.0 300.7 0
205.8 291.9 0
185.1 267.9 0
181.4 234.9 0
138.7 94.5 0
101.9 66.2 0
79.3 93.2 0
6.4 47.5 0
-101.9 -17.3 0
-280.6 -49.1 0
-238.5 -136.3 0
-234.0 -226.9 0
-181.9 -266.3 0
-300.6 -232.1 0
-330.2 -244.7 0
-352.3 -299.4 0
-380.5 -401.3 0
-358.6 -414.7 0
-402.3 -373.2 0
-422.5 -475.1 0
-446.7 -483.9 0
-414.9 -395.7 0
-460.8 -371.3 0
-396.2 -413.3 0
-366.1 -323.4 0
-377.9 -367.7 0
-331.8 -458.0 0
-355.5 -382.9 0
-275.5 -319.6 0
-222.5 -333.4 0
-223.4 -213.0 0
-236.8 -130.9 0
-119.5 -100.1 0
-54.2 -69.5 0
-65.4 50.6 0
10.8 35.7 0
103.2 44.4 0
77.9 63.0 0
89.4 53.2 0
259.8 196.8 0
266.6 208.8 0
223.4 262.6 0
272.0 208.2 0
288.9 241.7 0
335.5 338.3 0
270.2 369.8 0
271.4 309.4 0
293.3 281.3 0
230.1 305.9 0
219.5 219.0 0
218.3 254.7 0
292.9 250.5 0
263.9 221.8 0
176.2 137.4 0
164.9 141.5 0
64.3 58.3 0
-7.0 37.1 0
-3.8 -42.2 0
-56.9 -59.4 0
-102.7 -91.7 0
-115.9 -161.1 0
-92.1 -133.2 0
-182.5 -178.6 0
-157.3 -229.6 0
-222.6 -266.7 0
-285.7 -348.2 0
-312.4 -375.1 0
-410.2 -428.4 0
-424.3 -416.8 0
-361.1 -417.3 0
-421.5 -438.5 0
-366.2 -404.6 0
-358.9 -427.8 0
-398.9 -297.4 0
-358.6 -304.3 0
-416.6 -321.4 0
-386.6 -397.3 0
-357.2 -284.8 0
-260.3 -221.7 0
-216.8 -199.5 0
-183.1 -178.0 0
-134.7 -161.2 0
-155.9 -123.6 0
-45.6 -21.5 0
-27.7 21.6 0
25.7 100.0 0
53.1 144.1 0
93.7 144.6 0
76.6 81.1 0
118.8 108.3 0
209.5 183.8 0
248.9 243.9 0
359.2 336.2 0
339.2 252.0 0
282.5 251.2 0
326.8 256.6 0
298.4 270.3 0
300.5 277.9 0
318.1 262.2 0
315.8 241.2 0
256.3 285.7 0
266.1 288.3 0
188.4 187.4 0
148.9 129.8 0
127.6 155.8 0
78.9 65.3 0
11.1 46.6 0
67.5 20.2 0
34.2 -48.8 0
-49.0 -132.0 0
-98.4 -162.7 0
-148.8 -209.9 0
-259.9 -217.5 0
-226.2 -207.6 0
-351.4 -287.3 0
-399.9 -268.7 0
-315.0 -323.5 0
-364.3 -366.1 0
-430.5 -443.9 0
-442.5 -457.4 0
-399.5 -508.5 0
-434.8 -446.0 0
-433.2 -436.4 0
-423.9 -437.0 0
-473.8 -377.8 0
-440.3 -369.1 0
-430.1 -385.3 0
-387.2 -329.5 0
-380.3 -163.8 0
-285.6 -217.1 0
-350.1 -237.5 0
-319.6 -197.5 0
-206.0 -162.6 0
-133.6 -97.9 0
-91.2 8.1 0
-65.9 73.4 0
83.7 10.9 0
32.9 2.2 0
92.6 91.8 0
178.9 106.2 0
180.9 210.3 0
188.5 266.8 0
269.5 219.7 0
262.4 275.8 0
274.2 294.3 0
228.3 282.6 0
292.8 281.6 0
303.7 276.9 0
249.8 262.4 0
203.3 215.1 0
198.5 143.4 0
169.4 152.7 0
212.6 225.2 0
286.9 206.7 0
211.1 144.7 0
114.5 120.0 0
36.7 84.0 0
-56.3 -5.8 0
-75.1 -67.1 0
-80.1 -76.4 0
-86.7 -189.7 0
-142.5 -189.8 0
-310.8 -256.6 0
-390.7 -300.4 0
-446.8 -385.2 0
-415.3 -359.1 0
-375.4 -400.4 0
-417.0 -420.8 0
-449.3 -446.8 0
-482.6 -354.3 0
-433.5 -314.0 0
-402.7 -391.3 0
-479.1 -395.2 0
-467.9 -505.6 0
-506.5 -423.3 0
-480.7 -397.4 0
-489.9 -436.7 0
-362.0 -497.7 0
-291.3 -388.9 0
-249.0 -328.0 0
-254.9 -283.1 0
-259.6 -243.4 0
-178.7 -180.0 0
-194.9 -163.0 0
-132.0 -162.5 0
-21.8 -39.7 0
-9.5 53.8 0
60.1 39.2 0
80.6 40.6 0
134.5 114.7 0
218.1 149.0 0
234.6 196.2 0
195.5 191.0 0
252.1 256.3 0
250.6 198.0 0
271.8 266.3 0
317.1 188.5 0
298.1 209.6 0
292.2 196.6 0
348.8 200.9 0
362.5 231.5 0
354.7 144.9 0
217.4 59.9 0
118.4 84.7 0
42.4 37.2 0
135.7 26.8 0
54.5 15.3 0
-64.9 21.0 0
-115.3 -20.0 0
-98.1 -144.8 0
-122.7 -172.9 0
-126.5 -316.5 0
-205.9 -327.8 0
-235.7 -330.4 0
-318.8 -434.2 0
-359.5 -439.7 0
-328.1 -488.1 0
-348.3 -464.0 0
-336.1 -391.7 0
-362.1 -393.1 0
-375.1 -582.3 0
-502.7 -619.7 0
-444.7 -539.8 0
-452.1 -527.9 0
-424.9 -476.7 0
-368.5 -480.9 0
-291.1 -418.6 0
-370.7 -392.3 0
-323.7 -296.2 0
-274.9 -350.3 0
-281.0 -329.6 0
-204.2 -217.2 0
-206.4 -229.6 0
-173.1 -159.8 0
-129.3 -18.6 0
-14.0 -2.0 0
-27.4 -29.6 0
-52.7 32.2 0
-7.0 109.2 0
55.7 173.1 0
76.9 160.1 0
91.1 128.5 0
106.0 161.0 0
196.7 272.3 0
246.8 322.3 0
249.4 251.8 0
293.8 239.6 0
324.5 224.7 0
287.6 230.8 0
295.2 189.3 0
252.5 219.6 0
185.2 258.9 0
105.4 250.3 0
79.6 203.4 0
-43.8 76.9 0
-26.6 57.4 0
72.3 48.8 0
-7.4 -30.5 0
-121.5 -90.7 0
-127.7 -102.6 0
-112.0 -126.7 0
-219.3 -200.9 0
-259.9 -275.6 0
-299.7 -368.4 0
-280.6 -333.4 0
-308.0 -370.3 0
-324.6 -398.5 0
-365.2 -450.2 0
-392.7 -422.5 0
-432.7 -476.0 0
-453.3 -431.6 0
-415.7 -406.9 0
-412.7 -519.5 0
-354.2 -522.4 0
-406.8 -477.4 0
-412.1 -387.7 0
-429.9 -434.3 0
-398.0 -398.7 0
-329.6 -351.6 0
-250.7 -318.7 0
-267.6 -328.2 0
-290.3 -323.7 0
-181.5 -313.1 0
-165.3 -257.1 0
-191.8 -237.4 0
-115.1 -134.7 0
-132.7 6.1 0
20.8 78.0 0
131.4 97.6 0
193.3 139.0 0
235.9 159.6 0
176.2 121.0 0
194.9 118.6 0
285.8 214.5 0
297.9 355.5 0
275.8 357.3 0
229.5 259.7 0
261.2 158.0 0
209.5 224.3 0
281.9 256.7 0
302.9 213.5 0
294.9 187.0 0
187.0 133.1 0
147.7 166.6 0
190.5 103.5 0
197.3 52.2 0
45.2 53.8 0
-13.5 38.3 0
-72.7 -78.5 0
-44.5 -226.2 0
-128.8 -261.6 0
-162.7 -211.7 0
-240.7 -292.9 0
-282.7 -306.3 0
-357.6 -358.0 0
-360.9 -349.5 0
-423.5 -369.4 0
-385.7 -391.6 0
-411.1 -360.1 0
-408.3 -442.7 0
-405.4 -412.6 0
-411.8 -446.5 0
-401.1 -502.4 0
-483.2 -627.6 0
-505.2 -529.8 0
-421.8 -464.0 0
-465.2 -469.9 0
-431.4 -363.3 0
-338.6 -303.4 0
-353.3 -383.3 0
-337.6 -401.1 0
-231.3 -321.1 0
-147.2 -205.3 0
-86.6 -207.3 0
-35.5 -199.3 0
20.5 -83.4 0
71.6 -58.2 0
92.0 -42.2 0
171.5 16.9 0
140.2 26.4 0
137.0 114.8 0
317.8 144.2 0
269.8 164.6 0
183.8 169.0 0
225.0 179.0 0
260.7 284.0 0
329.1 290.1 0
355.5 242.5 0
293.6 228.8 0
211.9 204.8 0
211.8 244.4 0
220.5 137.2 0
230.8 120.3 0
194.3 92.0 0
123.3 90.6 0
130.4 -17.7 0
31.0 -64.9 0
46.5 -7.3 0
-69.1 -69.3 0
-13.8 -184.8 0
-43.9 -233.0 0
-60.7 -222.6 0
-196.3 -275.2 0
-207.0 -270.0 0
-305.2 -338.8 0
-390.3 -332.6 0
-468.2 -468.4 0
-419.2 -444.9 0
-477.1 -426.0 0
-520.5 -474.2 0
-502.9 -481.9 0
-533.8 -489.9 0
-497.9 -513.5 0
-501.6 -444.3 0
-459.8 -488.9 0
-408.8 -486.9 0
-350.4 -526.8 0
-399.4 -377.3 0
-346.0 -380.1 0
-373.1 -377.3 0
-284.7 -336.0 0
-265.1 -326.5 0
-231.6 -262.2 0
-173.3 -185.2 0
-172.7 -111.7 0
-127.6 -59.6 0
-64.3 -54.7 0
69.5 24.8 0
99.8 53.1 0
94.4 65.5 0
87.4 156.3 0
180.6 121.2 0
202.7 103.0 0
184.6 144.6 0
221.8 141.7 0
299.7 205.3 0
338.9 179.1 0
288.6 163.8 0
305.7 154.6 0
240.9 207.5 0
242.8 193.7 0
200.6 178.2 0
209.8 129.2 0
175.3 146.3 0
151.6 15.3 0
75.3 27.8 0
33.9 -2.1 0
-19.5 22.8 0
-56.6 -20.0 0
-123.5 -128.2 0
-150.7 -149.2 0
-115.2 -261.7 0
-160.4 -265.4 0
-203.5 -372.1 0
-263.3 -340.7 0
-228.7 -369.1 0
-365.9 -516.6 0
-369.4 -461.7 0
-464.5 -471.3 0
-517.8 -429.8 0
-467.8 -423.6 0
-452.1 -399.6 0
-496.5 -472.3 0
-505.7 -469.2 0
-429.7 -474.9 0
-413.8 -462.8 0
-404.0 -462.5 0
-382.3 -409.8 0
-334.7 -388.2 0
-294.1 -435.8 0
-198.0 -350.4 0
-209.4 -278.4 0
-178.5 -208.2 0
-137.9 -179.8 0
-130.1 -138.9 0
-164.3 -95.5 0
-131.6 -41.8 0
11.7 1.1 0
-14.6 -2.9 0
46.0 -66.2 0
199.1 13.6 0
183.0 81.3 0
172.9 111.0 0
204.1 128.7 0
227.5 220.7 0
218.4 196.2 0
308.9 289.2 0
370.2 266.9 0
325.9 241.9 0
228.5 233.0 0
213.1 230.9 0
211.8 194.8 0
312.7 213.1 0
180.6 184.5 0
123.7 163.1 0
36.2 101.7 0
10.8 0.4 0
-93.6 -28.6 0
-22.7 -62.1 0
-58.0 -97.8 0
-67.6 -171.7 0
-172.7 -237.8 0
-188.6 -210.5 0
-246.7 -278.7 0
-290.2 -314.2 0
-340.4 -385.9 0
-354.3 -418.7 0
-350.2 -404.9 0
-419.0 -461.2 0
-331.7 -490.4 0
-473.6 -506.4 0
-447.3 -528.8 0
-462.9 -539.7 0
-440.4 -476.4 0
-442.8 -516.4 0
-362.6 -514.0 0
-370.3 -488.3 0
-410.4 -390.2 0
-363.1 -385.1 0
-400.4 -392.1 0
-321.1 -386.1 0
-293.1 -340.2 0
-267.1 -255.3 0
-197.9 -240.9 0
-173.2 -187.4 0
-74.0 -85.5 0
27.9 -69.4 0
54.2 36.7 0
104.5 97.0 0
94.5 124.7 0
86.4 81.9 0
90.6 100.6 0
212.3 122.2 0
285.5 207.1 0
289.5 218.7 0
246.9 226.3 0
251.1 205.2 0
203.3 164.3 0
237.6 191.7 0
287.3 157.0 0
277.5 147.7 0
180.0 223.8 0
208.0 213.9 0
280.8 126.3 0
190.9 -18.8 0
96.6 44.0 0
-48.9 35.4 0
-50.3 3.2 0
5.5 -135.7 0
-14.7 -202.6 0
-63.0 -170.2 0
-90.5 -182.5 0
-97.2 -282.8 0
-229.3 -353.3 0
-291.9 -344.1 0
-239.4 -369.4 0
-383.0 -362.9 0
-399.5 -386.3 0
-436.5 -489.8 0
-367.8 -440.2 0
-415.7 -542.2 0
-443.1 -565.7 0
-421.5 -459.7 0
-446.8 -449.5 0
-454.6 -496.1 0
-457.8 -529.4 0
-352.9 -490.6 0
-359.6 -418.6 0
-359.7 -423.7 0
-349.8 -340.9 0
-295.3 -369.5 0
-282.8 -381.4 0
-222.8 -257.9 0
-232.7 -191.4 0
-203.7 -163.8 0
-173.1 -121.1 0
-141.4 -126.3 0
-73.5 -113.6 0
23.9 -38.6 0
69.3 -0.2 0
80.3 108.4 0
152.0 101.3 0
183.1 167.2 0
241.2 181.6 0
247.0 163.2 0
199.1 167.9 0
229.9 235.4 0
194.8 226.3 0
222.7 285.8 0
345.4 279.3 0
338.8 172.3 0
169.2 180.6 0
217.4 135.2 0
207.2 164.8 0
159.6 155.4 0
103.2 111.5 0
72.2 105.1 0
20.9 46.2 0
20.8 -56.9 0
-82.6 -103.8 0
-154.9 -168.9 0
-196.4 -185.0 0
-218.6 -256.4 0
-278.4 -273.7 0
-315.2 -302.1 0
-278.3 -356.0 0
-432.6 -435.7 0
-463.7 -422.4 0
-441.5 -393.9 0
-405.9 -464.7 0
-372.3 -451.1 0
-440.7 -499.9 0
-459.3 -432.6 0
-438.2 -497.5 0
-476.5 -653.9 0
-444.5 -617.8 0
-502.2 -602.5 0
-412.6 -464.2 0
-398.7 -379.3 0
-325.0 -383.8 0
-300.9 -367.1 0
-234.5 -273.6 0
-273.9 -312.2 0
-183.7 -268.3 0
-194.7 -203.9 0
-138.1 -130.4 0
-72.6 -124.1 0
-29.3 -27.4 0
7.8 19.1 0
61.7 -13.9 0
147.6 29.3 0
105.9 169.0 0
136.8 184.3 0
203.8 185.9 0
180.0 168.3 0
69.5 171.4 0
184.7 247.8 0
175.4 235.0 0
267.8 273.6 0
257.7 230.6 0
210.3 183.9 0
190.2 229.3 0
201.5 148.4 0
171.8 78.8 0
166.4 81.3 0
139.0 85.4 0
62.3 37.6 0
-77.6 -19.5 0
-91.6 -51.2 0
-35.3 -27.9 0
-35.1 -142.7 0
-162.4 -226.2 0
-212.3 -240.7 0
-177.3 -307.6 0
-272.1 -429.3 0
-323.6 -468.3 0
-366.6 -374.5 0
-357.3 -365.3 0
-431.5 -414.2 0
-445.7 -447.3 0
-450.2 -467.1 0
-467.0 -471.8 0
-394.5 -524.7 0
-395.5 -559.4 0
-463.1 -481.1 0
-423.2 -499.1 0
-313.8 -430.1 0
-352.5 -438.2 0
-383.8 -525.8 0
-373.7 -447.5 0
-297.5 -446.2 0
-267.4 -379.5 0
-227.1 -307.4 0
-239.6 -187.1 0
-240.1 -189.3 0
-89.3 -127.6 0
-35.8 -113.3 0
6.0 -37.2 0
90.5 8.5 0
55.2 103.3 0
152.1 38.4 0
229.8 65.4 0
206.8 104.3 0
173.1 161.9 0
254.7 180.4 0
240.4 299.6 0
270.6 285.3 0
315.1 245.5 0
221.9 209.8 0
218.9 178.0 0
241.5 180.3 0
257.9 231.6 0
262.2 195.2 0
114.7 289.5 0
79.7 194.2 0
36.0 144.7 0
107.4 91.2 0
77.7 15.3 0
27.2 -15.2 0
37.8 -36.9 0
-27.9 -135.6 0
-190.6 -208.0 0
-164.5 -187.7 0
-217.8 -158.3 0
-313.8 -195.4 0
-410.6 -255.9 0
-399.5 -380.3 0
-404.5 -370.4 0
-419.5 -486.8 0
-410.4 -464.1 0
-454.3 -481.1 0
-448.5 -373.9 0
-478.8 -392.8 0
-472.7 -362.5 0
-483.2 -367.4 0
-476.4 -421.1 0
-439.9 -475.8 0
-452.9 -470.8 0
-401.8 -436.6 0
-368.2 -382.8 0
-249.6 -366.5 0
-225.4 -419.9 0
-210.5 -203.3 0
-140.2 -165.9 0
-146.2 -112.3 0
-133.7 -41.6 0
-122.3 -79.2 0
-65.2 -58.5 0
9.5 19.1 0
86.7 -29.5 0
71.9 -1.1 0
118.1 158.1 0
66.2 179.4 0
220.1 261.3 0
295.7 234.1 0
284.5 248.2 0
242.4 261.2 0
225.8 293.9 0
351.8 224.3 0
293.4 225.8 0
242.7 155.3 0
259.8 191.1 0
229.4 182.7 0
189.5 267.1 0
130.9 268.4 0
193.9 228.3 0
79.0 99.9 0
105.6 6.7 0
56.9 15.8 0
-5.5 -92.3 0
-39.4 -155.0 0
-153.4 -192.1 0
-203.9 -240.5 0
-196.4 -76.3 0
-183.4 -149.4 0
-233.3 -279.7 0
-326.0 -344.3 0
-346.8 -345.5 0
-439.9 -409.2 0
-473.8 -443.8 0
-395.2 -419.2 0
-469.8 -420.7 0
-494.2 -424.9 0
-493.3 -447.9 0
-426.5 -417.1 0
-519.8 -415.0 0
-482.8 -391.5 0
-458.2 -402.2 0
-331.9 -410.1 0
-294.9 -358.3 0
-292.1 -307.1 0
-299.4 -254.7 0
-191.9 -162.4 0
-182.6 -144.2 0
-99.4 -149.1 0
-65.1 -125.8 0
-9.3 -60.6 0
65.8 30.9 0
77.7 56.8 0
63.6 83.6 0
115.9 174.4 0
197.9 199.6 0
191.7 157.1 0
171.1 221.9 0
258.2 209.2 0
255.0 231.7 0
258.2 257.4 0
246.3 331.3 0
280.4 309.4 0
306.5 277.1 0
262.6 262.9 0
261.2 333.2 0
309.7 255.5 0
224.7 201.6 0
153.6 173.0 0
77.6 189.1 0
106.7 147.1 0
126.8 102.5 0
51.6 137.4 0
0.0 62.5 0
5.4 -5.9 0
-108.0 -5.9 0
-197.1 -186.5 0
-260.2 -230.8 0
-251.4 -154.4 0
-288.5 -222.3 0
-366.4 -304.4 0
-388.2 -319.4 0
-371.9 -334.8 0
-406.0 -306.4 0
-449.6 -418.9 0
-378.7 -512.3 0
-400.8 -375.5 0
-463.1 -340.8 0
-418.6 -346.1 0
-452.8 -366.8 0
-485.8 -335.8 0
-436.5 -404.1 0
-386.7 -359.1 0
-322.0 -314.7 0
-347.3 -288.6 0
-341.2 -234.6 0
-274.9 -268.0 0
-242.8 -152.3 0
-125.3 -58.4 0
-42.7 -51.4 0
25.6 29.3 0
-63.2 52.8 0
46.3 85.2 0
75.8 131.9 0
83.1 138.9 0
151.9 195.0 0
194.9 202.6 0
283.3 273.9 0
313.1 298.8 0
276.1 397.2 0
281.4 393.4 0
312.9 304.7 0
340.0 241.7 0
362.6 273.6 0
299.4 325.1 0
227.1 345.7 0
246.3 343.6 0
176.0 281.8 0
150.3 199.5 0
211.5 227.6 0
165.2 98.5 0
88.8 80.1 0
-64.1 88.7 0
-27.6 69.2 0
-52.4 -40.2 0
-111.0 -49.2 0
-174.4 -144.6 0
-282.7 -231.3 0
-344.6 -258.6 0
-332.3 -261.7 0
-362.3 -300.5 0
-374.1 -342.0 0
-362.2 -373.3 0
-345.8 -326.3 0
-375.1 -333.1 0
-352.0 -374.6 0
-392.6 -452.1 0
-375.1 -364.8 0
-405.2 -351.9 0
-428.5 -367.9 0
-374.4 -289.4 0
-414.2 -336.9 0
-479.8 -301.6 0
-317.7 -236.7 0
-237.6 -213.3 0
-258.2 -152.8 0
-212.1 -148.7 0
-164.7 -172.5 0
-159.6 -68.2 0
-68.6 -2.3 0
-28.2 55.3 0
5.2 102.8 0
109.5 141.7 0
171.9 215.2 0
211.8 189.9 0
163.9 173.5 0
230.9 239.5 0
237.3 197.9 0
226.7 270.4 0
221.5 326.5 0
341.5 328.9 0
362.6 355.6 0
324.7 386.8 0
279.6 400.6 0
315.7 334.4 0
290.9 292.3 0
260.5 271.6 0
267.2 346.6 0
265.8 304.5 0
224.1 240.1 0
215.4 268.7 0
36.1 207.4 0
58.2 197.3 0
-35.9 151.7 0
-7.8 112.9 0
-36.2 -10.5 0
-75.0 -33.0 0
-184.3 -92.2 0
-208.8 -169.7 0
-286.9 -118.8 0
-367.9 -181.1 0
-378.6 -146.3 0
-321.4 -217.8 0
-334.2 -271.8 0
-401.1 -221.3 0
-416.3 -313.0 0
-399.7 -312.7 0
-435.7 -349.1 0
-388.5 -397.1 0
-412.8 -421.8 0
-458.5 -361.9 0
-379.7 -422.5 0
-398.2 -393.5 0
-392.4 -191.8 0
-313.0 -177.3 0
-281.0 -213.8 0
-180.9 -114.5 0
-181.4 -136.6 0
-83.4 -50.7 0
-41.2 -36.9 0
-12.8 -17.4 0
-1.5 138.8 0
65.2 184.2 0
130.3 236.3 0
171.8 259.5 0
225.7 321.5 0
196.8 257.0 0
228.4 302.9 0
239.9 296.3 0
255.3 322.0 0
222.3 340.2 0
333.5 418.3 0
351.5 413.1 0
348.4 428.6 0
354.6 422.0 0
318.8 407.2 0
346.3 405.8 0
325.7 420.3 0
352.4 430.0 0
313.2 338.7 0
147.3 233.1 0
72.2 258.5 0
51.7 155.6 0
-44.4 122.8 0
-74.1 85.8 0
-42.6 52.8 0
-137.4 -62.1 0
-224.2 -51.6 0
-178.2 -119.7 0
-176.9 -63.6 0
-240.5 -214.3 0
-215.4 -330.4 0
-345.5 -205.0 0
-355.4 -267.3 0
-392.4 -332.6 0
-451.1 -334.0 0
-457.6 -323.0 0
-428.3 -370.1 0
-359.3 -381.5 0
-398.4 -414.9 0
-365.3 -346.4 0
-405.1 -322.2 0
-450.3 -305.5 0
-384.9 -348.6 0
-293.0 -324.7 0
-315.0 -199.9 0
-274.9 -163.2 0
-142.7 -49.4 0
-50.4 -105.4 0
-35.1 -38.3 0
-75.9 -4.4 0
-9.7 30.8 0
54.1 -6.1 0
52.5 65.4 0
35.0 157.8 0
109.4 131.2 0
149.8 207.5 0
238.5 323.3 0
271.5 324.2 0
296.0 276.0 0
227.9 321.0 0
214.5 370.9 0
323.9 431.0 0
388.4 415.8 0
346.4 394.6 0
196.9 392.8 0
302.2 302.8 0
311.2 322.8 0
282.3 308.5 0
199.1 285.1 0
227.3 246.4 0
72.9 134.6 0
24.8 109.2 0
21.3 147.1 0
-50.4 39.1 0
-90.7 -7.4 0
-64.7 39.5 0
-167.2 -119.3 0
-216.0 -223.9 0
-309.1 -193.6 0
-266.1 -173.9 0
-369.4 -217.4 0
-437.4 -310.0 0
-400.4 -346.6 0
-477.5 -361.1 0
-408.6 -381.9 0
-376.6 -394.2 0
-413.7 -384.9 0
-428.8 -355.2 0
-457.6 -360.5 0
-398.4 -377.2 0
-444.7 -374.2 0
-415.5 -304.9 0
-335.9 -224.8 0
-323.8 -152.4 0
-267.5 -164.9 0
-231.4 -109.6 0
-164.5 -61.1 0
-159.6 -77.4 0
-116.1 -26.4 0
-132.6 22.6 0
-84.5 15.4 0
38.6 18.6 0
109.5 148.3 0
96.9 164.4 0
131.0 185.3 0
228.1 204.6 0
230.9 184.5 0
224.7 272.1 0
364.7 293.4 0
277.1 261.2 0
246.8 344.3 0
292.6 291.9 0
287.9 239.0 0
369.9 327.6 0
339.1 402.8 0
340.2 414.6 0
317.2 367.0 0
277.4 301.9 0
267.4 260.0 0
186.5 293.7 0
136.7 201.2 0
21.8 216.7 0
97.2 144.2 0
70.6 40.4 0
35.5 54.4 0
-43.7 -9.8 0
-81.4 -42.4 0
-127.6 -165.0 0
-189.3 -166.9 0
-180.6 -220.7 0
-229.7 -212.8 0
-334.9 -275.4 0
-316.8 -241.0 0
-395.2 -298.8 0
-394.9 -278.2 0
-363.4 -237.4 0
-403.9 -358.1 0
-466.2 -380.5 0
-468.4 -436.7 0
-355.1 -381.4 0
-350.0 -276.6 0
-375.0 -264.4 0
-370.7 -251.8 0
-296.9 -270.1 0
-263.1 -162.8 0
-174.8 -119.5 0
-198.8 -86.8 0
-100.0 -20.7 0
-103.0 -17.6 0
-110.8 -5.3 0
-41.1 76.2 0
52.5 181.8 0
81.9 146.2 0
202.9 198.1 0
204.3 205.3 0
198.7 230.9 0
299.9 336.0 0
234.3 411.1 0
234.6 337.7 0
306.0 290.1 0
248.6 322.1 0
269.0 309.0 0
348.6 322.6 0
351.8 333.7 0
300.0 295.8 0
363.4 288.5 0
350.5 292.6 0
288.5 245.9 0
221.4 253.3 0
175.5 198.1 0
89.2 200.1 0
35.6 260.2 0
55.3 167.2 0
38.0 83.6 0
-18.3 -1.3 0
-74.7 -63.5 0
-138.4 -173.0 0
-193.9 -198.9 0
-271.8 -153.6 0
-279.2 -231.7 0
-338.3 -304.6 0
-295.5 -322.0 0
-365.5 -299.7 0
-365.2 -271.5 0
-288.4 -239.9 0
-359.4 -340.6 0
-381.6 -349.0 0
-436.8 -459.5 0
-456.7 -365.2 0
-374.7 -346.3 0
-372.2 -432.8 0
-340.0 -376.9 0
-268.1 -344.4 0
-377.8 -325.1 0
-348.3 -328.6 0
-271.9 -333.5 0
-258.0 -230.5 0
-228.1 -153.0 0
-152.8 -63.4 0
-66.9 -13.7 0
-99.8 -28.5 0
-60.1 38.6 0
85.3 39.3 0
150.2 52.8 0
106.5 110.9 0
155.2 152.3 0
168.9 215.3 0
205.1 250.3 0
271.6 246.5 0
272.4 280.8 0
236.7 253.6 0
258.6 250.5 0
294.1 320.1 0
212.7 297.2 0
220.7 353.1 0
326.7 326.4 0
236.8 290.8 0
187.9 265.1 0
221.6 245.9 0
251.4 159.3 0
231.1 61.4 0
91.7 80.8 0
6.7 68.9 0
0.0 17.3 0
-56.3 -70.6 0
-121.2 -100.4 0
-133.3 -217.2 0
-250.6 -205.0 0
-271.3 -172.9 0
-232.4 -220.0 0
-388.6 -350.0 0
-449.7 -351.9 0
-420.5 -356.3 0
-420.8 -318.2 0
-411.0 -337.4 0
-345.5 -410.6 0
-350.1 -413.5 0
-462.7 -380.5 0
-409.7 -354.3 0
-354.3 -347.4 0
-319.2 -399.5 0
-291.2 -408.7 0
-284.2 -351.3 0
-361.6 -346.5 0
-251.9 -261.0 0
-237.0 -283.4 0
-221.7 -215.3 0
-136.2 -126.8 0
-69.3 -80.3 0
-80.2 -4.1 0
12.5 -30.9 0
7.2 -94.8 0
-28.4 38.5 0
-31.4 92.8 0
67.5 142.8 0
114.1 146.4 0
212.2 192.4 0
183.5 248.8 0
213.7 280.1 0
272.0 285.9 0
353.1 329.1 0
326.5 325.3 0
306.0 310.3 0
285.9 260.0 0
256.0 326.9 0
329.0 307.6 0
264.7 307.0 0
323.9 229.0 0
211.2 219.2 0
114.9 221.3 0
168.7 182.3 0
150.8 229.9 0
92.7 187.2 0
7.5 1.9 0
-2.4 16.3 0
-92.0 -7.0 0
-194.5 -129.2 0
-177.1 -188.4 0
-221.4 -229.5 0
-249.2 -275.4 0
-252.9 -215.2 0
-339.7 -154.0 0
-397.9 -246.5 0
-367.9 -310.2 0
-470.6 -315.3 0
-419.3 -387.7 0
-408.6 -428.2 0
-471.5 -403.9 0
-465.2 -471.0 0
-461.7 -443.6 0
-399.5 -465.7 0
-346.7 -438.4 0
-297.9 -370.6 0
-323.2 -256.3 0
-243.4 -331.1 0
-204.2 -346.1 0
-215.4 -226.3 0
-195.8 -171.6 0
-186.9 -142.4 0
-170.8 -70.3 0
-93.6 -33.6 0
-6.9 32.1 0
46.3 55.7 0
74.5 123.1 0
151.9 173.6 0
179.6 203.5 0
167.4 195.9 0
144.9 271.1 0
172.2 288.1 0
132.5 324.2 0
200.4 328.4 0
303.8 322.4 0
345.6 323.8 0
215.8 287.7 0
259.6 217.4 0
154.4 158.5 0
210.1 203.5 0
238.2 221.0 0
163.3 232.2 0
58.2 203.8 0
152.6 112.9 0
126.3 94.1 0
66.4 93.0 0
0.4 25.1 0
-73.3 -26.8 0
-119.3 -127.5 0
-165.7 -262.0 0
-224.0 -242.3 0
-207.2 -244.8 0
-262.6 -237.5 0
-283.4 -291.9 0
-359.4 -357.7 0
-318.2 -347.9 0
-381.1 -347.8 0
-409.9 -403.5 0
-326.3 -398.2 0
-362.9 -340.6 0
-380.6 -350.4 0
-339.2 -376.3 0
-428.0 -456.3 0
-432.2 -460.4 0
-441.7 -394.2 0
-362.4 -417.8 0
-323.3 -276.3 0
-369.7 -319.1 0
-350.7 -346.1 0
-253.6 -279.1 0
-164.4 -117.9 0
-145.3 -105.5 0
-106.1 -46.7 0
-75.8 -60.5 0
-31.1 -21.4 0
-28.7 -8.1 0
-57.2 46.2 0
35.0 125.5 0
124.9 176.2 0
251.0 215.2 0
215.9 158.7 0
130.2 172.0 0
229.6 290.3 0
175.8 339.3 0
318.2 357.1 0
311.8 286.9 0
273.6 303.8 0
218.9 312.5 0
224.5 316.6 0
218.1 259.3 0
224.4 184.8 0
169.2 183.8 0
180.1 134.8 0
115.7 92.3 0
22.8 78.0 0
-16.7 59.0 0
-9.3 14.3 0
-91.5 -32.1 0
-78.6 -51.4 0
-146.8 -147.8 0
-191.5 -209.5 0
-139.3 -226.2 0
-202.0 -269.1 0
-212.6 -438.4 0
-311.4 -410.7 0
-402.3 -408.3 0
-394.3 -434.8 0
-434.6 -413.6 0
-399.3 -428.1 0
-494.0 -410.6 0
-563.8 -460.7 0
-507.3 -478.4 0
-491.9 -458.6 0
-484.6 -415.1 0
-424.0 -412.9 0
-427.1 -489.4 0
-382.1 -432.8 0
-390.8 -365.9 0
-346.6 -279.3 0
-275.1 -248.3 0
-234.3 -254.9 0
-165.3 -180.4 0
-125.2 -179.9 0
-89.6 -20.6 0
-14.9 -105.7 0
-39.4 -33.0 0
64.9 26.6 0
57.5 56.0 0
40.5 82.1 0
35.0 159.5 0
106.2 186.3 0
197.2 232.1 0
243.0 146.8 0
260.3 168.4 0
282.8 242.6 0
320.1 160.0 0
269.9 182.8 0
362.0 157.3 0
338.4 169.0 0
342.6 172.8 0
292.0 199.4 0
202.3 170.4 0
138.5 75.3 0
162.2 2.9 0
104.2 11.1 0
63.2 -24.8 0
-28.4 -52.1 0
34.5 -60.8 0
-63.1 -57.0 0
-187.6 -181.7 0
-225.1 -159.2 0
-288.0 -249.3 0
-241.8 -297.9 0
-325.9 -363.0 0
-449.8 -434.3 0
-497.4 -460.5 0
-463.5 -471.4 0
-434.0 -464.9 0
-483.3 -453.8 0
-541.4 -511.8 0
-432.1 -534.7 0
-504.9 -482.6 0
-489.0 -446.8 0
-475.9 -546.6 0
-413.0 -542.1 0
-417.1 -507.8 0
-424.8 -393.1 0
-368.9 -409.8 0
-274.8 -382.3 0
-245.7 -386.3 0
-240.3 -348.7 0
-212.1 -241.7 0
-133.5 -245.1 0
-60.9 -198.8 0
-110.0 -125.1 0
-9.5 -112.2 0
45.6 -43.2 0
84.8 -40.1 0
96.2 4.3 0
122.6 52.5 0
171.4 77.2 0
226.1 111.7 0
272.9 143.7 0
285.2 87.1 0
327.5 195.1 0
310.4 233.5 0
321.4 231.3 0
380.4 287.9 0
299.4 254.4 0
284.1 203.5 0
250.8 192.4 0
164.8 143.1 0
208.3 107.2 0
139.4 114.8 0
41.8 117.2 0
-37.2 80.9 0
-55.2 34.4 0
-72.1 -62.6 0
-30.9 -121.9 0
-177.9 -243.1 0
-210.1 -185.7 0
-273.2 -237.1 0
-260.0 -359.5 0
-257.1 -394.8 0
-371.6 -346.8 0
-353.2 -387.6 0
-438.7 -375.5 0
-456.3 -455.9 0
-507.2 -465.2 0
-497.3 -411.0 0
-524.9 -372.4 0
-491.1 -415.3 0
-478.9 -492.3 0
-486.0 -532.4 0
-471.3 -513.2 0
-379.4 -420.9 0
-395.9 -417.1 0
-355.7 -353.7 0
-380.9 -330.2 0
-322.6 -257.6 0
-216.4 -181.2 0
-212.2 -276.1 0
-162.4 -222.5 0
-155.4 -143.3 0
14.0 -110.6 0
-12.4 -17.8 0
-2.6 83.6 0
107.2 77.8 0
176.7 95.7 0
99.8 185.3 0
84.0 176.0 0
82.9 163.1 0
193.1 221.5 0
233.4 226.7 0
292.0 219.0 0
314.2 248.7 0
283.1 241.4 0
268.6 145.3 0
274.5 172.4 0
309.5 211.3 0
258.9 307.0 0
220.2 234.9 0
194.4 152.6 0
158.3 125.6 0
136.2 115.4 0
36.3 38.2 0
31.0 24.3 0
-12.4 13.7 0
-111.0 -137.1 0
-108.1 -198.5 0
-212.3 -209.0 0
-204.6 -162.0 0
-225.6 -225.0 0
-299.2 -290.6 0
-361.0 -348.0 0
-360.3 -440.3 0
-404.9 -427.7 0
-478.9 -413.3 0
-415.5 -412.8 0
-431.4 -404.0 0
-407.6 -382.7 0
-487.6 -326.0 0
-450.7 -399.7 0
-463.0 -418.7 0
-418.2 -499.4 0
-403.0 -484.2 0
-328.3 -386.2 0
-330.3 -325.6 0
-360.4 -266.9 0
-219.3 -211.2 0
-119.6 -173.2 0
-200.2 -186.2 0
-168.5 -133.2 0
-172.9 -114.7 0
-93.2 -12.9 0
19.3 -23.4 0
83.6 40.5 0
33.6 35.3 0
15.4 80.3 0
107.6 177.1 0
72.6 215.7 0
182.0 261.2 0
229.3 285.8 0
200.6 252.0 0
190.7 248.6 0
330.4 301.4 0
331.5 281.7 0
320.8 197.1 0
245.2 242.3 0
266.8 314.6 0
211.5 288.0 0
217.1 190.0 0
228.0 168.9 0
222.8 124.3 0
161.0 105.8 0
-5.2 27.8 0
-55.3 23.7 0
-43.3 39.4 0
-153.3 -138.4 0
-154.2 -206.4 0
-116.9 -221.9 0
-152.3 -255.4 0
-197.3 -305.6 0
-308.3 -343.9 0
-375.5 -318.8 0
-328.5 -353.8 0
-321.9 -313.8 0
-424.2 -375.5 0
-415.8 -381.1 0
-453.3 -453.8 0
-480.9 -467.4 0
-466.7 -470.2 0
-429.1 -446.4 0
-479.5 -500.3 0
-459.3 -485.0 0
-364.4 -446.2 0
-420.0 -355.0 0
-319.9 -291.2 0
-344.6 -259.6 0
-301.8 -283.5 0
-237.0 -271.9 0
-234.5 -242.8 0
-216.2 -109.5 0
-84.4 -99.8 0
-12.5 30.8 0
15.1 88.0 0
-26.3 62.3 0
13.2 91.4 0
127.2 179.0 0
142.8 259.7 0
104.3 258.3 0
105.8 214.3 0
257.4 242.5 0
275.3 231.9 0
310.0 305.1 0
264.8 261.4 0
272.8 329.7 0
255.8 312.9 0
311.4 348.8 0
308.8 276.7 0
275.1 254.6 0
204.8 341.9 0
164.0 298.2 0
159.8 158.7 0
106.1 208.1 0
54.4 140.4 0
-23.1 110.1 0
-18.7 -4.2 0
-54.7 -20.9 0
-81.6 15.9 0
-129.3 -168.7 0
-95.9 -199.8 0
-245.0 -230.7 0
-301.0 -241.1 0
-229.9 -294.9 0
-291.1 -326.1 0
-318.2 -347.5 0
-406.9 -324.1 0
-395.8 -351.3 0
-470.7 -413.6 0
-450.6 -438.3 0
-397.3 -453.3 0
-379.4 -406.4 0
-354.7 -372.7 0
-297.8 -420.5 0
-387.9 -362.2 0
-421.1 -305.8 0
-391.1 -309.9 0
-307.1 -252.5 0
-305.9 -169.8 0
-101.4 -126.7 0
-30.1 -108.1 0
-48.2 -109.8 0
-99.7 -26.9 0
-35.8 -37.8 0
69.4 16.0 0
113.8 69.6 0
76.4 211.4 0
57.1 182.2 0
67.9 143.9 0
167.6 176.7 0
208.2 188.6 0
205.2 239.1 0
300.2 265.5 0
301.2 291.9 0
381.0 334.5 0
316.7 324.8 0
350.5 289.5 0
309.7 285.3 0
312.5 295.2 0
287.3 207.8 0
276.6 268.8 0
139.1 301.5 0
139.0 226.4 0
57.9 183.9 0
95.1 108.3 0
-8.0 141.0 0
-8.3 46.6 0
-74.7 16.2 0
-127.5 -35.9 0
-130.9 -79.6 0
-175.8 -64.2 0
-225.7 -128.6 0
-237.7 -260.6 0
-231.0 -287.8 0
-294.4 -297.8 0
-416.8 -402.0 0
-387.7 -398.4 0
-372.4 -389.5 0
-388.0 -445.5 0
-421.3 -420.5 0
-417.5 -484.6 0
-390.2 -460.9 0
-403.4 -453.8 0
-414.5 -416.1 0
-364.3 -335.9 0
-370.3 -335.6 0
-429.7 -338.2 0
-328.2 -247.3 0
-273.0 -269.9 0
-158.7 -176.8 0
-150.9 -233.2 0
-150.7 -249.8 0
-52.6 -157.3 0
5.6 -137.3 0
84.9 28.8 0
146.0 60.4 0
80.5 190.9 0
176.9 231.6 0
126.5 211.2 0
122.8 209.1 0
238.6 232.9 0
174.5 341.7 0
252.4 436.2 0
230.9 303.3 0
238.8 360.5 0
192.6 313.3 0
227.4 323.9 0
328.4 410.4 0
293.5 365.4 0
304.0 244.8 0
218.7 250.2 0
191.7 265.7 0
166.8 255.7 0
121.0 186.8 0
97.3 160.5 0
29.7 107.6 0
53.8 20.4 0
-11.4 -20.4 0
-67.1 -99.8 0
-54.7 -91.7 0
-161.7 -148.3 0
-205.5 -216.0 0
-288.2 -159.5 0
-333.6 -140.4 0
-319.6 -233.5 0
-343.3 -337.5 0
-394.1 -316.0 0
-400.6 -319.7 0
-404.1 -286.4 0
-441.0 -318.1 0
-429.6 -427.4 0
-394.8 -383.7 0
-325.9 -440.2 0
-445.6 -402.8 0
-394.7 -320.5 0
-399.4 -323.4 0
-381.7 -365.4 0
-350.4 -362.6 0
-293.8 -298.4 0
-250.8 -245.8 0
-210.8 -167.5 0
-120.2 -245.4 0
-2.4 -179.7 0
-43.0 -70.5 0
-89.6 -24.4 0
14.5 -11.9 0
68.3 54.3 0
57.8 135.1 0
137.8 73.1 0
124.7 98.5 0
83.3 166.3 0
174.0 126.6 0
250.6 307.9 0
272.8 276.6 0
188.5 284.4 0
272.8 257.0 0
343.0 278.6 0
348.4 352.1 0
315.2 331.0 0
311.4 333.8 0
267.7 290.5 0
207.8 274.4 0
286.7 223.8 0
178.6 173.3 0
142.2 178.3 0
42.9 160.7 0
8.7 137.8 0
53.8 -27.6 0
-99.9 -21.8 0
-136.8 -30.8 0
-29.9 -109.4 0
-170.0 -112.9 0
-211.8 -189.2 0
-183.6 -328.8 0
-334.8 -343.9 0
-310.3 -305.4 0
-340.2 -334.8 0
-450.7 -312.0 0
-387.8 -360.1 0
-430.8 -311.1 0
-351.3 -322.1 0
-402.1 -390.2 0
-441.3 -379.9 0
-513.5 -371.8 0
-474.1 -318.4 0
-369.4 -339.5 0
-347.4 -307.0 0
-271.2 -354.4 0
-277.6 -327.9 0
-293.4 -376.5 0
-181.7 -294.4 0
-134.9 -191.6 0
-155.1 -183.1 0
-119.5 -73.1 0
-91.9 -32.3 0
37.3 10.6 0
94.4 81.5 0
96.2 142.5 0
209.8 155.0 0
191.4 102.2 0
258.7 156.5 0
247.7 174.4 0
215.8 238.3 0
275.6 211.5 0
329.6 269.5 0
304.4 280.4 0
293.0 268.8 0
277.5 298.7 0
255.8 333.3 0
210.6 252.0 0
240.2 193.5 0
221.9 232.9 0
259.4 187.8 0
179.2 121.9 0
166.3 102.5 0
15.1 112.1 0
-95.3 25.2 0
-123.1 63.6 0
-70.2 -117.8 0
-94.7 -171.7 0
-134.6 -161.6 0
-199.7 -142.8 0
-226.9 -213.4 0
-294.6 -314.3 0
-378.9 -294.2 0
-320.3 -373.2 0
-339.9 -458.7 0
-354.3 -502.7 0
-367.6 -480.9 0
-441.2 -417.7 0
-452.9 -476.8 0
-409.8 -474.9 0
-418.9 -431.3 0
-403.5 -399.0 0
-403.4 -363.7 0
-416.8 -367.2 0
-442.7 -479.3 0
-404.4 -417.3 0
-308.4 -261.2 0
-205.3 -214.6 0
-179.3 -219.6 0
-167.1 -263.9 0
-121.5 -219.6 0
-159.7 -150.6 0
-71.2 -94.3 0
46.1 -52.1 0
109.4 14.8 0
212.5 93.7 0
162.0 133.5 0
198.4 172.4 0
259.6 200.6 0
198.1 189.5 0
230.6 124.2 0
276.3 158.8 0
300.0 203.5 0
304.3 236.1 0
324.2 269.8 0
348.6 295.6 0
286.8 261.4 0
244.6 281.6 0
261.7 160.6 0
175.9 172.4 0
200.0 130.1 0
184.5 -15.2 0
67.3 52.8 0
-3.4 67.0 0
0.4 -61.4 0
-17.3 -21.4 0
-73.2 -51.6 0
-78.4 -133.4 0
-219.3 -213.1 0
-258.8 -242.2 0
-279.5 -268.6 0
-324.7 -307.5 0
-323.7 -333.1 0
-370.0 -501.7 0
-428.7 -375.6 0
-452.3 -499.1 0
-418.7 -374.7 0
-410.7 -360.3 0
-520.6 -414.8 0
-499.8 -423.4 0
-529.1 -501.2 0
-429.0 -396.0 0
-348.3 -417.6 0
-353.2 -455.3 0
-400.1 -443.8 0
-389.1 -405.6 0
-374.7 -298.8 0
-289.5 -257.2 0
-232.4 -263.7 0
-209.6 -165.7 0
-182.6 -223.5 0
-201.7 -149.4 0
-137.3 -98.8 0
-1.9 -12.8 0
41.0 45.2 0
32.1 56.8 0
48.4 51.0 0
57.7 128.5 0
140.4 177.4 0
199.9 218.6 0
292.7 196.4 0
290.5 200.5 0
280.8 275.1 0
266.1 302.9 0
303.9 359.5 0
293.5 318.9 0
264.0 198.8 0
280.6 254.5 0
257.2 235.2 0
213.6 200.0 0
271.3 169.4 0
153.9 119.4 0
19.0 92.0 0
-39.4 26.8 0
20.5 -15.2 0
23.6 -13.9 0
-38.3 -195.8 0
-87.6 -205.6 0
-118.8 -244.5 0
-197.8 -249.8 0
-219.5 -300.5 0
-281.4 -342.2 0
-328.6 -366.2 0
-456.1 -416.1 0
-380.4 -450.1 0
-397.1 -435.8 0
-447.9 -484.3 0
-401.7 -501.0 0
-409.1 -513.9 0
-372.4 -484.5 0
-444.0 -431.8 0
-474.9 -432.1 0
-457.0 -469.3 0
-424.6 -430.4 0
-360.5 -393.1 0
-414.6 -384.2 0
-326.1 -357.0 0
-315.2 -316.5 0
-173.8 -338.0 0
-104.3 -248.7 0
-159.9 -215.9 0
-21.6 -66.7 0
-32.3 -26.3 0
32.1 -2.8 0
77.6 -17.6 0
101.8 37.7 0
123.7 88.8 0
183.2 121.4 0
259.4 173.1 0
217.8 197.5 0
268.0 204.1 0
273.7 270.4 0
260.4 311.9 0
295.9 242.9 0
305.8 256.3 0
358.7 239.3 0
337.7 139.3 0
296.5 176.2 0
208.4 240.8 0
203.4 209.6 0
183.6 190.2 0
164.3 201.2 0
88.5 65.9 0
73.5 76.9 0
18.0 63.8 0
33.0 -7.2 0
-43.9 -42.1 0
-144.5 -98.8 0
-149.1 -197.2 0
-204.5 -202.0 0
-265.5 -230.8 0
-312.5 -346.4 0
-307.8 -368.1 0
-390.1 -413.0 0
-310.6 -505.6 0
-422.3 -474.1 0
-396.9 -462.0 0
-358.8 -484.7 0
-375.5 -491.2 0
-461.1 -443.1 0
-518.9 -471.7 0
-468.7 -460.9 0
-457.5 -435.9 0
-410.9 -495.2 0
-394.8 -334.8 0
-424.3 -276.9 0
-349.5 -296.8 0
-264.7 -284.1 0
-170.2 -260.1 0
-235.3 -187.8 0
-182.1 -141.0 0
-110.5 -77.5 0
-83.5 -43.9 0
4.9 -7.3 0
10.4 22.3 0
167.9 93.4 0
152.9 65.8 0
78.0 123.6 0
159.5 182.2 0
173.9 225.4 0
240.7 176.2 0
213.7 310.5 0
252.4 276.3 0
227.5 219.7 0
274.5 223.1 0
258.4 229.9 0
283.3 184.4 0
284.4 210.9 0
236.5 200.4 0
183.4 148.9 0
192.6 123.1 0
129.2 83.1 0
131.8 70.1 0
105.1 65.2 0
31.6 8.3 0
-16.1 -19.7 0
-64.2 -115.6 0
-176.8 -132.9 0
-187.8 -212.0 0
-271.0 -246.5 0
-278.3 -239.3 0
-348.4 -231.8 0
-317.2 -249.3 0
-364.8 -337.1 0
-355.4 -389.2 0
-336.5 -407.3 0
-422.7 -418.2 0
-412.3 -416.6 0
-479.6 -479.7 0
-427.8 -490.6 0
-394.1 -491.4 0
-455.8 -408.6 0
-428.2 -332.2 0
-411.8 -413.9 0
-437.4 -441.6 0
-407.4 -430.9 0
-359.3 -384.0 0
-343.4 -353.5 0
-274.4 -345.0 0
-183.6 -250.8 0
-202.0 -156.8 0
-129.7 -142.5 0
-78.3 -88.8 0
32.0 -52.0 0
87.8 -1.4 0
16.4 16.5 0
55.4 63.1 0
133.0 108.8 0
151.2 107.2 0
188.8 99.9 0
227.0 198.6 0
231.3 230.2 0
234.4 273.0 0
234.8 223.6 0
245.6 266.2 0
283.3 327.8 0
203.8 330.4 0
228.8 248.8 0
218.1 190.0 0
123.2 170.0 0
181.2 167.9 0
165.4 166.0 0
51.0 112.1 0
55.1 67.2 0
151.6 28.4 0
86.4 2.7 0
-15.6 45.6 0
-0.6 -50.7 0
-145.1 -152.1 0
-195.9 -161.5 0
-266.0 -234.7 0
-265.4 -334.4 0
-299.5 -389.7 0
-296.9 -378.8 0
-367.3 -459.5 0
-415.8 -490.0 0
-458.3 -508.4 0
-446.2 -454.1 0
-474.7 -377.5 0
-467.4 -409.2 0
-547.0 -511.7 0
-428.2 -434.2 0
-393.7 -473.6 0
-353.5 -465.2 0
-363.7 -415.1 0
-371.8 -327.2 0
-328.7 -291.4 0
-262.4 -199.0 0
-145.2 -242.6 0
-205.5 -212.4 0
-170.6 -150.0 0
-89.4 -120.5 0
-27.2 -115.4 0
33.5 -33.1 0
88.6 -47.8 0
142.0 -27.4 0
224.6 21.5 0
146.3 18.8 0
89.6 28.7 0
121.7 178.6 0
171.8 216.5 0
249.0 262.3 0
226.4 271.5 0
228.3 309.8 0
262.5 292.6 0
321.7 232.1 0
232.3 189.0 0
252.4 148.3 0
219.4 136.2 0
197.1 107.5 0
185.8 211.1 0
94.1 178.8 0
148.9 188.9 0
52.2 82.9 0
111.3 122.7 0
-30.1 57.5 0
-31.2 3.5 0
-134.7 -134.3 0
-175.4 -138.2 0
-180.8 -209.8 0
-274.0 -194.6 0
-308.3 -233.8 0
-262.9 -324.9 0
-342.8 -358.3 0
-369.9 -404.4 0
-401.3 -509.1 0
-424.8 -437.4 0
-513.6 -439.1 0
-481.1 -467.2 0
-451.8 -449.7 0
-439.7 -534.3 0
-425.5 -525.8 0
-470.9 -564.5 0
-486.0 -526.7 0
-448.1 -415.2 0
-390.0 -480.6 0
-320.2 -367.4 0
-293.7 -291.0 0
-258.0 -195.5 0
-211.5 -128.4 0
-201.9 -175.9 0
-197.1 -139.0 0
-83.8 -19.0 0
-32.3 -39.6 0
10.0 15.5 0
51.1 -70.2 0
60.0 42.5 0
169.3 113.7 0
86.9 153.6 0
142.6 187.2 0
68.8 156.6 0
187.6 208.7 0
248.4 164.1 0
317.9 166.5 0
319.7 136.8 0
273.7 237.2 0
195.7 199.3 0
224.1 209.5 0
243.6 155.0 0
246.4 142.7 0
230.3 128.8 0
207.5 137.5 0
91.9 72.6 0
85.6 61.1 0
101.3 34.9 0
-57.6 68.8 0
-34.9 -42.9 0
-101.9 -114.8 0
-212.6 -139.8 0
-143.1 -141.2 0
-176.7 -180.8 0
-237.1 -235.3 0
-303.0 -308.5 0
-383.3 -324.7 0
-313.9 -396.4 0
-357.7 -475.0 0
-394.5 -468.0 0
-531.5 -456.3 0
-463.3 -456.9 0
-516.6 -503.6 0
-464.8 -472.6 0
-441.2 -432.5 0
-465.3 -439.1 0
-462.7 -491.4 0
-409.0 -488.6 0
-440.0 -461.2 0
-414.6 -453.3 0
-357.2 -365.5 0
-292.3 -349.6 0
-216.0 -326.6 0
-249.0 -297.4 0
-194.5 -249.4 0
-175.4 -110.8 0
-105.8 -113.4 0
-109.4 -90.7 0
-63.9 -61.6 0
86.1 39.6 0
132.9 67.8 0
139.2 135.8 0
122.6 158.7 0
146.5 107.6 0
220.2 144.2 0
246.2 169.5 0
219.7 208.6 0
329.8 255.7 0
235.9 274.0 0
231.6 247.0 0
252.8 237.5 0
253.1 231.9 0
292.4 106.1 0
202.8 169.0 0
139.0 162.4 0
75.1 94.0 0
21.2 -43.3 0
-7.1 -12.9 0
-75.7 -18.3 0
-71.1 -125.5 0
-128.2 -141.6 0
-174.3 -153.0 0
-201.2 -223.2 0
-180.4 -283.7 0
-296.8 -264.0 0
-298.0 -295.1 0
-416.4 -385.6 0
-372.3 -363.8 0
-339.7 -435.7 0
-360.0 -450.6 0
-398.1 -413.1 0
-387.2 -438.5 0
-521.7 -511.3 0
-526.7 -434.4 0
-520.2 -505.0 0
-512.6 -408.5 0
-386.3 -438.2 0
-402.3 -475.7 0
-397.9 -446.0 0
-385.0 -426.3 0
-289.4 -373.4 0
-253.4 -284.3 0
-242.7 -228.6 0
-215.4 -173.9 0
-176.8 -174.4 0
-24.5 -123.5 0
-26.0 -119.9 0
-31.0 -109.5 0
-6.5 -84.5 0
45.3 -37.0 0
157.0 18.3 0
175.8 111.6 0
184.5 111.5 0
175.7 122.6 0
164.3 193.7 0
297.7 198.5 0
313.2 238.9 0
250.8 262.9 0
251.2 305.9 0
288.1 254.3 0
317.3 249.7 0
274.1 248.6 0
227.1 195.9 0
244.2 244.2 0
256.0 216.6 0
166.1 197.5 0
112.9 191.0 0
34.4 126.1 0
48.5 73.7 0
36.8 -28.8 0
-79.6 -53.6 0
-75.7 -128.9 0
-39.2 -131.4 0
-152.0 -216.1 0
-223.5 -228.4 0
-262.6 -321.4 0
-262.3 -332.4 0
-349.0 -385.6 0
-360.0 -415.6 0
-519.4 -421.2 0
-461.5 -429.6 0
-378.8 -372.0 0
-385.0 -458.4 0
-429.4 -359.2 0
-354.0 -352.3 0
-373.1 -367.6 0
-422.9 -408.4 0
-408.3 -379.3 0
-385.6 -419.6 0
-354.0 -268.8 0
-277.8 -193.6 0
-207.6 -224.1 0
-241.4 -148.7 0
-125.7 -141.5 0
-115.3 -135.7 0
-52.0 -44.5 0
-66.9 -89.4 0
28.5 36.7 0
142.7 73.0 0
72.2 117.4 0
69.8 90.6 0
89.5 203.1 0
163.8 230.5 0
239.5 287.4 0
184.8 336.4 0
227.8 309.4 0
320.9 331.0 0
225.5 266.4 0
262.1 286.5 0
183.0 321.2 0
289.1 351.1 0
333.3 378.4 0
280.4 348.7 0
175.7 299.1 0
253.5 205.2 0
191.5 194.7 0
118.6 115.4 0
39.3 171.6 0
48.2 147.0 0
33.8 -9.7 0
0.9 -24.1 0
-100.4 -112.1 0
-216.1 -114.8 0
-211.4 -128.2 0
-183.8 -142.5 0
-259.5 -194.7 0
-353.4 -320.9 0
-390.0 -364.3 0
-321.8 -407.1 0
-350.5 -383.8 0
-377.3 -421.4 0
-406.9 -440.2 0
-416.1 -423.5 0
-410.8 -425.0 0
-386.0 -459.8 0
-449.3 -417.1 0
-446.2 -395.4 0
-395.1 -396.9 0
-371.4 -320.2 0
-352.8 -288.6 0
-316.2 -226.0 0
-270.9 -209.0 0
-180.6 -173.6 0
-227.7 -191.8 0
-127.6 -150.2 0
-74.7 -67.8 0
-36.4 -74.1 0
1.9 34.4 0
52.8 92.8 0
-22.0 115.1 0
-37.5 148.4 0
136.4 176.0 0
168.7 201.0 0
113.8 205.3 0
150.7 282.0 0
215.3 345.4 0
285.1 286.6 0
378.4 230.3 0
422.0 273.6 0
338.0 394.7 0
358.9 319.3 0
382.9 319.3 0
266.2 234.9 0
256.1 167.7 0
191.5 190.3 0
117.5 189.1 0
151.4 87.5 0
85.6 122.1 0
-11.5 149.2 0
13.8 14.4 0
-44.0 -19.5 0
-93.7 -28.5 0
-138.3 -141.0 0
-188.2 -201.5 0
-192.8 -137.9 0
-263.9 -176.6 0
-315.1 -327.0 0
-353.6 -383.3 0
-394.8 -325.6 0
-400.8 -358.0 0
-400.0 -310.8 0
-514.4 -311.4 0
-497.3 -381.9 0
-503.5 -385.5 0
-470.8 -370.0 0
-351.7 -385.8 0
-356.4 -449.0 0
-392.0 -388.9 0
-396.0 -310.6 0
-389.5 -357.7 0
-325.3 -289.3 0
-323.3 -208.2 0
-252.4 -117.8 0
-123.7 -124.6 0
-152.2 -66.2 0
-118.2 -105.9 0
-26.3 -45.0 0
16.3 -4.8 0
85.9 48.0 0
141.4 107.7 0
202.7 151.9 0
197.1 200.7 0
201.9 194.2 0
113.9 179.4 0
186.9 255.6 0
253.5 321.0 0
248.8 346.5 0
255.5 283.6 0
372.2 250.0 0
%2020-12-30 16:28:50 0  5758
