%2020-12-30 16:30:46 0
%%CH1,CH2,AX,AY,AZ,IR,RED
584.3 697.3 0
557.9 737.1 0
594.2 811.8 0
728.7 768.0 0
637.2 788.5 0
559.1 675.1 0
535.4 681.0 0
630.1 544.2 0
548.7 569.1 0
443.8 476.5 0
420.4 383.0 0
381.0 278.8 0
252.9 213.0 0
250.5 114.6 0
117.1 29.6 0
31.5 -71.9 0
-107.7 -126.5 0
-209.5 -166.8 0
-326.3 -294.4 0
-412.9 -412.8 0
-504.5 -409.1 0
-510.1 -388.3 0
-580.5 -530.8 0
-535.3 -691.6 0
-725.4 -724.6 0
-728.9 -766.0 0
-746.2 -731.5 0
-804.2 -647.9 0
-741.5 -685.0 0
-751.5 -755.7 0
-713.0 -840.3 0
-697.1 -766.8 0
-624.4 -683.7 0
-606.3 -583.4 0
-603.0 -612.9 0
-486.6 -545.4 0
-345.4 -370.5 0
-284.4 -319.1 0
-331.5 -228.9 0
-202.1 -196.8 0
-61.0 -86.7 0
44.2 47.9 0
108.2 219.8 0
179.6 260.7 0
218.1 316.1 0
351.6 371.2 0
399.3 495.5 0
565.9 539.6 0
492.1 593.9 0
567.0 694.5 0
622.3 614.8 0
642.1 671.0 0
716.5 709.2 0
704.5 712.6 0
695.0 777.2 0
680.3 732.1 0
526.1 720.2 0
456.7 618.7 0
495.4 564.0 0
424.5 564.6 0
354.1 506.1 0
331.6 347.2 0
288.5 223.1 0
179.1 235.6 0
96.4 165.4 0
-38.0 150.7 0
-142.7 -3.4 0
-249.8 -176.0 0
-345.2 -184.3 0
-310.1 -345.2 0
-420.2 -421.9 0
-520.8 -517.9 0
-529.5 -560.9 0
-621.3 -568.3 0
-700.7 -712.2 0
-720.4 -717.4 0
-838.3 -736.7 0
-776.2 -878.5 0
-779.5 -848.4 0
-822.6 -773.7 0
-863.4 -773.9 0
-753.9 -666.3 0
-803.2 -625.2 0
-634.6 -586.3 0
-631.9 -610.2 0
-527.2 -487.7 0
-412.5 -414.8 0
-373.0 -302.5 0
-326.0 -221.0 0
-198.0 -70.0 0
-87.6 -67.5 0
-87.7 26.3 0
55.4 137.7 0
138.7 252.0 0
277.6 333.2 0
354.1 362.8 0
382.4 438.8 0
391.3 428.3 0
540.4 563.2 0
558.1 584.2 0
613.6 610.1 0
634.8 646.9 0
712.3 623.9 0
740.3 643.4 0
686.1 693.5 0
639.4 737.6 0
629.5 671.7 0
537.8 667.5 0
519.7 592.8 0
418.9 448.8 0
375.0 489.8 0
327.9 441.0 0
246.6 308.0 0
152.2 261.9 0
98.8 95.6 0
-20.5 27.0 0
-140.7 -52.0 0
-250.7 -165.6 0
-266.7 -225.1 0
-251.8 -257.1 0
-376.3 -382.7 0
-515.9 -489.2 0
-587.2 -599.5 0
-635.3 -654.0 0
-645.7 -723.1 0
-671.2 -716.6 0
-734.9 -629.1 0
-770.9 -756.6 0
-808.8 -753.3 0
-820.9 -793.9 0
-795.7 -707.9 0
-799.7 -731.7 0
-608.5 -699.1 0
-557.2 -662.0 0
-494.9 -518.4 0
-424.0 -448.4 0
-391.5 -411.6 0
-386.6 -282.4 0
-311.7 -247.6 0
-147.2 -171.6 0
-149.6 -108.6 0
37.4 -103.0 0
120.2 57.3 0
181.8 76.3 0
188.2 194.6 0
254.4 323.2 0
354.0 411.2 0
440.5 463.0 0
646.0 580.4 0
658.1 606.8 0
649.1 619.6 0
617.2 673.6 0
638.5 652.4 0
650.9 623.5 0
695.2 601.7 0
597.4 633.6 0
585.9 675.5 0
576.6 646.4 0
549.3 538.8 0
482.7 468.4 0
409.2 369.8 0
325.5 285.0 0
295.3 217.8 0
225.6 110.5 0
91.0 56.3 0
90.3 28.2 0
-37.2 -62.5 0
-210.2 -74.9 0
-300.8 -231.6 0
-337.4 -313.8 0
-421.1 -377.6 0
-451.9 -503.1 0
-579.0 -587.5 0
-584.3 -590.8 0
-620.0 -665.3 0
-647.6 -698.6 0
-758.8 -713.4 0
-763.7 -663.9 0
-763.5 -707.4 0
-754.1 -708.3 0
-714.3 -656.9 0
-706.6 -583.8 0
-657.0 -611.4 0
-537.7 -648.9 0
-518.0 -575.9 0
-489.4 -528.9 0
-378.8 -439.0 0
-344.8 -420.0 0
-223.8 -304.3 0
-215.1 -250.6 0
-115.8 -113.8 0
4.9 -18.9 0
124.7 69.9 0
123.1 195.4 0
233.0 258.8 0
362.4 266.7 0
433.1 390.2 0
432.0 467.8 0
424.3 496.6 0
509.4 592.5 0
525.7 542.9 0
627.6 537.8 0
651.1 649.6 0
698.7 728.1 0
671.1 692.2 0
670.4 617.7 0
634.9 627.6 0
594.4 583.0 0
427.0 617.7 0
401.9 554.2 0
426.8 434.2 0
435.9 364.1 0
296.8 252.8 0
191.9 241.2 0
42.4 236.4 0
-6.5 107.3 0
-13.8 -43.1 0
-82.0 -114.8 0
-314.5 -143.0 0
-258.4 -225.7 0
-343.3 -359.7 0
-519.9 -424.4 0
-613.6 -449.7 0
-576.0 -554.3 0
-568.1 -702.4 0
-686.4 -736.8 0
-686.1 -688.7 0
-758.4 -712.6 0
-834.0 -689.5 0
-838.3 -742.0 0
-851.4 -806.6 0
-737.4 -778.3 0
-732.0 -698.3 0
-700.4 -679.5 0
-659.8 -606.3 0
-606.7 -558.6 0
-464.2 -537.9 0
-384.3 -436.7 0
-286.8 -327.7 0
-266.1 -189.4 0
-146.2 -39.6 0
-65.2 -51.0 0
21.2 11.6 0
81.7 98.0 0
181.7 111.5 0
270.2 331.3 0
361.3 335.1 0
405.4 400.1 0
457.0 471.4 0
526.8 550.1 0
572.1 616.3 0
656.6 611.9 0
659.3 582.3 0
576.2 699.8 0
635.9 633.5 0
648.0 608.9 0
609.4 600.0 0
594.1 604.3 0
477.2 511.6 0
328.8 523.7 0
368.8 481.9 0
293.0 444.6 0
305.0 344.3 0
211.5 257.5 0
109.8 125.9 0
-48.3 -27.6 0
-128.3 -68.9 0
-142.0 -114.1 0
-188.2 -223.4 0
-394.4 -371.0 0
-459.9 -481.0 0
-504.7 -537.9 0
-550.1 -469.2 0
-611.5 -493.8 0
-654.9 -603.1 0
-708.7 -704.0 0
-822.7 -668.1 0
-777.7 -698.8 0
-787.9 -737.5 0
-870.1 -725.5 0
-764.8 -819.9 0
-821.4 -789.8 0
-737.8 -775.7 0
-633.3 -759.7 0
-656.1 -712.3 0
-594.8 -574.2 0
-549.5 -497.7 0
-494.9 -380.3 0
-329.9 -272.5 0
-367.4 -277.3 0
-253.9 -139.8 0
-77.4 -84.7 0
35.1 -5.8 0
176.9 117.3 0
282.1 266.9 0
258.9 261.7 0
387.5 301.3 0
418.9 360.7 0
489.4 428.0 0
565.4 470.8 0
624.3 593.2 0
658.3 643.4 0
630.2 667.5 0
587.1 632.0 0
590.8 728.6 0
678.4 698.9 0
614.9 712.1 0
584.7 625.4 0
498.9 622.0 0
547.0 501.1 0
434.9 464.7 0
401.8 311.0 0
349.9 230.3 0
283.8 156.4 0
191.3 66.2 0
70.8 65.5 0
-22.9 -27.8 0
-106.1 -118.5 0
-267.6 -174.2 0
-364.1 -293.8 0
-446.0 -376.5 0
-415.1 -444.7 0
-523.1 -511.9 0
-665.0 -572.9 0
-708.4 -570.8 0
-717.3 -677.8 0
-768.6 -682.3 0
-708.2 -702.4 0
-686.1 -796.5 0
-705.3 -789.1 0
-743.6 -857.7 0
-794.2 -816.5 0
-724.9 -709.2 0
-618.2 -664.6 0
-504.0 -619.0 0
-511.7 -511.5 0
-478.6 -459.0 0
-432.5 -354.3 0
-290.7 -336.1 0
-424.7 -344.3 0
-248.3 -227.6 0
-86.0 -124.0 0
6.0 -10.5 0
103.9 51.4 0
224.7 57.3 0
292.0 245.5 0
366.4 401.3 0
425.4 403.4 0
514.5 466.6 0
565.9 516.0 0
604.9 550.6 0
635.0 647.2 0
724.2 722.2 0
689.0 710.0 0
677.7 736.4 0
693.6 679.2 0
718.4 602.6 0
634.2 582.8 0
493.8 538.6 0
392.8 466.5 0
368.8 477.9 0
335.1 376.1 0
254.5 323.8 0
228.9 265.9 0
207.0 188.5 0
93.4 102.8 0
20.6 0.9 0
-106.8 -113.4 0
-264.3 -133.9 0
-237.8 -326.4 0
-401.9 -420.2 0
-521.4 -513.3 0
-577.0 -500.5 0
-670.4 -454.3 0
-735.0 -564.0 0
-728.0 -712.2 0
-710.6 -774.7 0
-773.6 -806.5 0
-814.3 -727.6 0
-838.4 -799.2 0
-781.9 -803.8 0
-791.4 -750.4 0
-755.8 -784.1 0
-694.7 -799.8 0
-588.8 -658.6 0
-623.6 -629.3 0
-454.5 -518.7 0
-359.7 -513.9 0
-399.5 -447.2 0
-286.6 -332.9 0
-187.1 -205.0 0
-131.6 -141.3 0
14.8 -93.0 0
55.9 10.1 0
175.6 110.3 0
311.6 272.2 0
366.6 302.3 0
306.9 334.2 0
445.6 467.4 0
532.4 495.9 0
590.6 559.0 0
573.7 594.3 0
639.8 717.9 0
662.5 765.1 0
621.0 731.4 0
692.0 644.2 0
639.3 531.4 0
632.8 643.1 0
601.5 569.4 0
505.6 609.9 0
361.5 463.7 0
301.0 437.9 0
261.5 393.4 0
198.4 206.4 0
33.1 64.8 0
-21.2 50.0 0
-117.4 -17.8 0
-212.3 -176.5 0
-225.3 -228.9 0
-257.0 -220.1 0
-368.0 -312.2 0
-483.7 -409.3 0
-576.6 -495.5 0
-602.4 -597.8 0
-589.6 -677.9 0
-684.6 -683.5 0
-695.8 -779.7 0
-826.0 -813.0 0
-798.5 -805.8 0
-792.9 -775.7 0
-840.5 -800.1 0
-735.1 -713.2 0
-667.8 -727.0 0
-764.7 -676.1 0
-620.6 -641.9 0
-621.3 -580.2 0
-546.5 -559.1 0
-416.8 -524.6 0
-356.7 -359.8 0
-237.8 -329.5 0
-133.2 -250.9 0
-102.9 -176.3 0
-47.5 -153.5 0
27.5 -55.0 0
162.8 152.0 0
253.3 120.8 0
311.3 298.4 0
357.3 413.6 0
434.0 465.8 0
496.0 529.3 0
591.1 573.3 0
577.7 548.6 0
599.0 538.1 0
589.8 621.8 0
662.6 652.4 0
649.4 672.2 0
611.2 596.6 0
596.1 505.8 0
594.4 589.0 0
550.4 529.7 0
503.7 448.2 0
473.2 334.6 0
412.6 289.0 0
277.9 175.5 0
201.3 126.9 0
113.1 1.9 0
-76.5 -67.7 0
-146.9 -49.1 0
-249.2 -113.6 0
-306.2 -219.8 0
-439.5 -322.5 0
-598.5 -453.8 0
-699.7 -541.9 0
-696.4 -615.1 0
-733.8 -677.9 0
-731.7 -709.1 0
-784.4 -843.8 0
-804.3 -821.2 0
-786.5 -801.4 0
-818.1 -791.7 0
-790.4 -779.2 0
-773.8 -771.6 0
-747.2 -722.6 0
-678.7 -737.5 0
-585.0 -710.0 0
-545.0 -692.6 0
-541.3 -599.3 0
-482.3 -503.6 0
-390.0 -550.2 0
-294.8 -430.6 0
-210.5 -232.9 0
-92.6 -211.8 0
-117.0 -92.4 0
-2.9 -1.5 0
92.4 129.8 0
269.1 205.9 0
369.8 273.1 0
392.5 468.1 0
482.5 494.8 0
474.4 596.2 0
457.3 580.9 0
564.1 582.1 0
578.6 603.5 0
660.8 732.7 0
671.7 621.7 0
676.6 639.9 0
607.8 643.3 0
533.8 575.8 0
524.5 548.8 0
578.8 517.3 0
511.6 518.6 0
402.2 428.3 0
362.4 368.0 0
224.1 232.9 0
168.9 193.1 0
74.5 79.9 0
33.8 -21.6 0
-10.3 -144.9 0
-84.4 -225.6 0
-169.9 -307.5 0
-357.5 -392.1 0
-426.9 -424.1 0
-554.5 -467.8 0
-591.6 -513.2 0
-674.6 -597.9 0
-754.1 -670.8 0
-722.8 -691.3 0
-736.9 -858.4 0
-754.1 -839.3 0
-812.7 -806.5 0
-752.9 -750.7 0
-707.2 -772.9 0
-802.9 -754.4 0
-754.5 -701.7 0
-780.8 -704.9 0
-679.5 -678.4 0
-588.6 -533.3 0
-583.0 -459.9 0
-484.7 -405.1 0
-363.7 -308.8 0
-346.8 -227.3 0
-198.1 -129.7 0
-20.3 -66.7 0
73.1 22.5 0
161.6 168.5 0
225.9 214.5 0
346.6 382.6 0
355.4 358.9 0
391.7 400.7 0
460.2 485.7 0
527.7 507.6 0
548.6 504.9 0
580.3 537.6 0
617.7 536.1 0
682.1 628.1 0
638.3 702.8 0
643.7 689.0 0
576.0 647.5 0
474.9 558.3 0
515.1 630.5 0
437.6 519.4 0
390.1 339.4 0
288.9 428.4 0
213.8 280.7 0
211.5 270.1 0
144.0 111.2 0
10.5 13.8 0
-61.5 -127.6 0
-149.9 -254.9 0
-169.1 -322.1 0
-284.7 -295.1 0
-422.1 -306.4 0
-481.1 -403.2 0
-526.6 -571.9 0
-575.5 -607.2 0
-690.8 -714.9 0
-692.2 -798.0 0
-819.7 -764.3 0
-835.3 -724.1 0
-803.8 -746.9 0
-806.7 -763.9 0
-748.1 -715.0 0
-673.5 -682.5 0
-732.9 -668.8 0
-746.6 -682.3 0
-648.2 -616.5 0
-537.9 -535.5 0
-495.4 -413.6 0
-442.3 -388.9 0
-384.7 -324.3 0
-281.2 -214.6 0
-203.7 -153.3 0
-28.6 -85.5 0
-11.0 6.9 0
130.5 137.3 0
276.0 218.9 0
393.4 219.0 0
384.4 305.8 0
413.2 357.6 0
445.1 441.1 0
562.7 526.5 0
677.6 523.1 0
739.1 496.2 0
697.3 562.6 0
680.5 699.2 0
668.8 606.7 0
729.4 536.0 0
592.5 566.9 0
604.3 574.6 0
583.1 624.1 0
473.0 441.5 0
422.4 441.9 0
453.9 427.3 0
291.0 308.4 0
247.1 158.0 0
135.7 85.4 0
30.8 -48.5 0
12.6 -115.8 0
-76.0 -109.3 0
-244.4 -161.2 0
-306.4 -274.3 0
-359.2 -478.0 0
-586.0 -535.2 0
-636.1 -650.3 0
-628.1 -716.3 0
-670.9 -673.3 0
-650.0 -641.0 0
-675.9 -665.8 0
-733.1 -667.5 0
-782.8 -751.6 0
-843.2 -773.6 0
-728.5 -845.3 0
-727.9 -736.8 0
-773.7 -706.2 0
-682.1 -696.6 0
-635.5 -630.9 0
-516.1 -635.3 0
-447.1 -515.1 0
-373.5 -349.7 0
-312.0 -265.7 0
-303.8 -128.4 0
-255.6 -11.5 0
-148.4 77.6 0
-89.0 178.3 0
84.7 136.1 0
249.3 253.2 0
294.0 325.0 0
387.9 468.0 0
495.7 421.9 0
488.7 456.8 0
540.8 527.0 0
569.5 635.1 0
624.4 615.3 0
618.2 683.0 0
550.7 708.6 0
620.7 664.8 0
623.7 679.9 0
637.0 685.8 0
609.4 589.0 0
502.5 510.8 0
431.6 543.7 0
330.9 507.2 0
387.9 396.4 0
286.3 325.7 0
263.1 187.8 0
219.2 111.5 0
6.8 41.0 0
-64.8 -67.4 0
-95.4 -121.6 0
-165.5 -123.4 0
-263.8 -267.9 0
-454.7 -393.2 0
-501.4 -462.8 0
-498.1 -502.1 0
-537.8 -596.3 0
-660.7 -648.3 0
-760.2 -727.9 0
-791.1 -696.2 0
-751.6 -763.3 0
-717.1 -769.8 0
-737.3 -809.9 0
-694.4 -765.5 0
-707.3 -679.9 0
-710.1 -640.6 0
-631.5 -573.2 0
-588.4 -605.3 0
-585.4 -586.3 0
-526.9 -516.6 0
-424.5 -390.6 0
-323.3 -318.5 0
-214.8 -146.5 0
-187.4 -192.2 0
-143.2 -66.7 0
43.5 38.2 0
138.3 90.6 0
204.1 238.4 0
300.2 258.0 0
342.0 344.3 0
417.9 466.9 0
460.6 549.8 0
513.1 565.1 0
660.4 530.7 0
575.5 600.2 0
694.8 671.2 0
744.1 656.3 0
715.2 568.6 0
722.4 703.6 0
652.6 748.0 0
548.3 643.4 0
553.0 616.1 0
544.7 531.0 0
506.6 483.1 0
410.5 441.8 0
316.7 345.6 0
259.4 281.3 0
156.9 214.5 0
5.9 99.9 0
-41.1 30.2 0
-232.2 -5.1 0
-305.9 -131.4 0
-273.0 -229.4 0
-357.2 -314.7 0
-417.2 -386.9 0
-461.7 -542.4 0
-592.5 -598.7 0
-691.4 -612.2 0
-717.0 -655.5 0
-808.7 -662.9 0
-752.1 -709.6 0
-722.5 -781.2 0
-776.1 -745.4 0
-767.1 -768.4 0
-753.4 -725.6 0
-690.4 -712.6 0
-668.9 -642.1 0
-629.2 -563.8 0
-549.3 -635.9 0
-520.6 -482.1 0
-445.5 -425.8 0
-409.6 -357.9 0
-265.3 -238.7 0
-134.2 -130.4 0
-105.4 -98.0 0
-93.7 30.2 0
56.4 131.0 0
208.0 252.9 0
279.3 293.3 0
316.4 357.0 0
462.1 365.7 0
487.4 482.3 0
506.8 525.2 0
551.6 586.1 0
572.9 605.9 0
605.1 684.6 0
614.9 612.4 0
636.6 636.5 0
683.2 644.9 0
610.1 652.3 0
577.6 712.8 0
535.7 701.4 0
537.8 585.8 0
433.8 482.9 0
356.8 372.3 0
255.3 302.0 0
137.9 210.9 0
88.3 87.6 0
-19.6 66.1 0
-65.5 -12.3 0
-137.8 -53.4 0
-174.8 -76.1 0
-267.1 -265.0 0
-388.0 -368.6 0
-429.1 -468.7 0
-527.4 -535.3 0
-554.1 -623.8 0
-638.9 -609.5 0
-758.6 -688.4 0
-749.2 -786.7 0
-746.3 -753.2 0
-772.5 -714.6 0
-727.9 -771.1 0
-743.7 -739.2 0
-814.8 -677.8 0
-811.8 -716.7 0
-796.6 -720.5 0
-645.8 -655.0 0
-542.4 -635.8 0
-566.7 -552.4 0
-540.1 -491.7 0
-353.0 -403.7 0
-210.7 -259.3 0
-157.0 -203.4 0
-69.6 -84.3 0
14.0 82.0 0
69.9 123.5 0
125.0 161.2 0
245.7 272.8 0
245.7 415.6 0
359.1 466.2 0
413.8 485.7 0
515.3 498.5 0
593.8 544.2 0
553.0 578.6 0
635.8 605.5 0
677.6 602.3 0
725.0 608.0 0
659.3 655.1 0
636.3 584.8 0
641.4 564.7 0
552.9 491.1 0
541.5 468.8 0
478.9 482.1 0
441.8 407.3 0
440.3 328.0 0
304.0 305.0 0
130.7 100.6 0
13.1 59.5 0
-26.8 -10.0 0
-154.9 -102.4 0
-148.6 -193.4 0
-217.9 -238.4 0
-315.9 -311.9 0
-408.4 -416.1 0
-465.6 -460.4 0
-578.8 -542.2 0
-617.7 -599.1 0
-642.8 -641.8 0
-741.4 -687.3 0
-731.3 -761.7 0
-722.0 -676.6 0
-720.0 -700.6 0
-836.5 -817.0 0
-742.5 -782.6 0
-664.7 -702.7 0
-668.4 -688.3 0
-658.8 -744.1 0
-619.5 -660.4 0
-511.8 -571.6 0
-451.5 -512.4 0
-396.9 -418.0 0
-360.5 -352.2 0
-257.7 -292.1 0
-188.3 -148.0 0
-69.2 -29.4 0
48.1 13.2 0
110.9 50.0 0
157.1 159.0 0
257.1 345.9 0
404.3 415.0 0
488.7 437.1 0
485.4 490.9 0
479.8 452.2 0
496.3 470.3 0
599.0 559.8 0
594.0 611.6 0
677.6 610.4 0
692.2 625.6 0
713.5 658.3 0
689.4 614.9 0
591.9 546.7 0
531.8 497.2 0
483.1 496.5 0
401.9 387.5 0
356.5 324.1 0
245.2 258.6 0
151.9 233.3 0
66.0 118.4 0
23.7 10.1 0
-16.9 -64.2 0
-109.1 -172.3 0
-294.6 -318.9 0
-334.2 -361.1 0
-467.2 -407.9 0
-570.6 -529.8 0
-642.6 -589.0 0
-695.1 -640.0 0
-678.3 -682.3 0
-704.9 -743.2 0
-801.6 -828.5 0
-726.7 -824.0 0
-802.6 -793.4 0
-822.1 -764.2 0
-822.4 -797.0 0
-836.3 -809.3 0
-766.8 -770.1 0
-616.1 -775.7 0
-595.4 -707.8 0
-491.4 -604.5 0
-533.0 -490.0 0
-486.4 -374.1 0
-434.4 -404.2 0
-302.7 -315.4 0
-214.0 -228.5 0
-83.5 -127.9 0
89.3 -116.3 0
151.9 129.8 0
248.9 262.8 0
454.8 355.7 0
420.4 413.1 0
466.0 501.8 0
635.3 522.9 0
611.8 483.6 0
582.6 654.2 0
682.9 573.4 0
686.0 608.2 0
648.8 631.2 0
580.0 636.2 0
624.6 699.5 0
577.5 625.9 0
527.9 520.2 0
564.7 494.1 0
470.3 447.8 0
366.2 377.4 0
347.2 313.3 0
223.1 227.5 0
130.8 206.7 0
75.3 63.7 0
74.9 -11.4 0
-40.4 -98.4 0
-105.4 -74.9 0
-188.6 -129.4 0
-350.3 -331.1 0
-375.5 -477.1 0
-520.8 -545.7 0
-596.3 -635.4 0
-635.3 -617.7 0
-636.9 -607.4 0
-664.2 -629.0 0
-711.6 -766.9 0
-679.0 -733.3 0
-671.7 -710.7 0
-722.9 -738.0 0
-741.0 -753.2 0
-830.3 -706.5 0
-848.7 -723.2 0
-736.1 -694.6 0
-618.6 -700.3 0
-636.2 -602.2 0
-491.5 -443.4 0
-299.7 -372.3 0
-268.7 -280.3 0
-222.3 -189.0 0
-218.9 -58.7 0
-112.6 -102.5 0
-15.2 -85.3 0
155.6 90.4 0
247.5 244.8 0
267.1 275.3 0
355.3 372.9 0
378.1 492.1 0
484.4 568.4 0
577.5 576.1 0
619.8 606.5 0
547.8 557.7 0
601.1 640.6 0
679.6 684.5 0
719.0 635.2 0
751.5 553.2 0
698.3 572.2 0
672.1 569.4 0
620.7 527.8 0
538.6 503.1 0
455.8 451.8 0
309.6 380.8 0
303.1 331.5 0
239.7 264.4 0
178.3 217.0 0
65.6 21.5 0
-22.5 -100.4 0
-162.8 -208.4 0
-289.1 -309.6 0
-323.7 -390.9 0
-455.0 -445.3 0
-472.0 -503.7 0
-532.4 -591.8 0
-725.6 -628.5 0
-785.5 -712.4 0
-820.7 -840.2 0
-804.9 -832.0 0
-762.0 -820.6 0
-718.3 -822.8 0
-650.7 -860.2 0
-692.1 -842.4 0
-709.1 -882.3 0
-737.0 -840.8 0
-705.6 -784.5 0
-584.7 -663.7 0
-552.8 -536.2 0
-484.5 -485.6 0
-462.1 -500.0 0
-354.5 -449.9 0
-216.3 -396.2 0
-189.9 -181.8 0
-86.0 -142.0 0
-9.2 -76.7 0
37.4 94.4 0
124.4 176.1 0
153.8 273.2 0
299.2 281.9 0
440.2 382.6 0
521.9 515.3 0
573.4 519.0 0
570.9 483.1 0
568.9 598.1 0
542.6 643.6 0
617.2 674.1 0
638.2 679.0 0
563.9 540.8 0
551.2 526.0 0
586.1 508.2 0
603.2 573.6 0
530.8 475.8 0
404.0 409.4 0
330.5 387.0 0
207.5 275.2 0
234.9 217.7 0
113.5 97.1 0
14.5 25.3 0
-135.0 -11.0 0
-198.7 -105.3 0
-259.4 -251.8 0
-375.5 -305.0 0
-420.1 -469.8 0
-551.5 -627.9 0
-596.6 -660.2 0
-655.5 -688.4 0
-727.9 -586.9 0
-726.6 -577.6 0
-770.2 -763.1 0
-852.7 -784.3 0
-794.3 -876.3 0
-832.8 -816.2 0
-785.7 -793.3 0
-758.3 -798.8 0
-716.4 -760.9 0
-722.2 -831.1 0
-646.6 -700.7 0
-610.0 -733.9 0
-563.2 -656.9 0
-461.5 -558.9 0
-354.5 -451.4 0
-283.4 -319.3 0
-145.2 -197.4 0
-98.2 -133.4 0
-71.9 -27.0 0
96.9 71.9 0
97.3 70.0 0
207.3 284.9 0
346.8 287.4 0
403.2 270.7 0
480.2 354.5 0
459.5 448.8 0
532.7 545.4 0
503.6 607.0 0
511.9 585.1 0
564.9 598.1 0
602.7 610.1 0
648.5 541.8 0
577.0 537.7 0
591.1 545.0 0
540.8 505.5 0
526.7 532.9 0
489.4 376.5 0
383.9 369.4 0
208.8 288.7 0
190.3 162.5 0
123.0 87.0 0
17.6 6.1 0
-46.4 -52.8 0
-53.1 -199.1 0
-146.9 -345.9 0
-296.1 -454.4 0
-435.0 -526.4 0
-510.9 -461.0 0
-631.3 -634.1 0
-738.6 -622.8 0
-689.6 -686.8 0
-705.5 -757.0 0
-710.1 -793.0 0
-793.8 -840.7 0
-877.4 -898.0 0
-876.6 -897.0 0
-800.8 -898.7 0
-796.8 -870.4 0
-724.0 -839.4 0
-715.5 -851.1 0
-758.5 -703.8 0
-723.6 -652.2 0
-643.9 -613.9 0
-489.8 -596.5 0
-371.0 -521.5 0
-292.8 -391.4 0
-249.5 -297.6 0
-121.8 -248.2 0
-63.7 -77.4 0
96.4 64.4 0
135.6 130.7 0
169.6 176.0 0
369.3 248.1 0
453.2 345.7 0
462.9 346.9 0
545.8 454.4 0
474.3 602.8 0
535.7 594.2 0
521.3 549.8 0
582.8 498.1 0
668.6 604.6 0
704.2 625.4 0
680.4 642.0 0
528.9 558.2 0
501.8 476.2 0
411.7 441.0 0
362.6 377.0 0
340.6 296.5 0
262.3 329.8 0
216.9 240.5 0
167.8 105.7 0
-56.2 74.1 0
-31.1 -83.5 0
-70.0 -122.0 0
-241.9 -179.9 0
-327.8 -260.1 0
-462.8 -402.6 0
-491.4 -601.0 0
-579.0 -649.4 0
-564.8 -662.6 0
-695.1 -696.7 0
-760.7 -673.4 0
-766.5 -740.3 0
-832.4 -760.7 0
-837.7 -815.8 0
-837.7 -809.2 0
-813.6 -840.2 0
-739.3 -916.8 0
-657.6 -894.0 0
-650.9 -885.0 0
-746.3 -790.8 0
-688.0 -699.0 0
-559.5 -660.2 0
-450.4 -546.3 0
-428.1 -457.7 0
-357.6 -370.5 0
-229.3 -303.0 0
-112.1 -196.0 0
-74.8 -83.3 0
80.6 -32.6 0
176.4 96.1 0
221.2 182.2 0
289.4 231.3 0
445.2 312.1 0
504.5 322.8 0
565.9 389.6 0
544.0 444.3 0
667.2 493.3 0
622.8 484.4 0
651.2 500.9 0
627.0 499.4 0
589.4 474.0 0
593.4 507.6 0
599.1 488.8 0
638.4 423.6 0
538.2 398.1 0
483.7 364.9 0
410.4 245.1 0
275.8 263.9 0
277.7 153.2 0
215.6 50.7 0
75.9 -69.8 0
77.4 -170.1 0
-118.0 -211.7 0
-214.2 -406.1 0
-265.9 -334.2 0
-401.9 -460.3 0
-374.8 -500.7 0
-442.4 -516.4 0
-655.0 -655.6 0
-729.3 -757.0 0
-734.9 -820.6 0
-857.0 -741.6 0
-813.2 -867.3 0
-780.8 -844.5 0
-814.2 -811.6 0
-783.4 -861.9 0
-807.8 -779.7 0
-781.6 -756.3 0
-700.1 -807.9 0
-697.7 -809.6 0
-545.8 -711.5 0
-483.6 -664.4 0
-416.3 -586.7 0
-340.6 -536.3 0
-324.8 -430.7 0
-268.5 -360.2 0
-229.5 -257.1 0
-118.2 -37.7 0
20.5 -123.5 0
90.6 19.8 0
161.3 120.6 0
223.7 236.2 0
381.5 151.6 0
419.0 244.6 0
453.2 419.3 0
538.6 537.2 0
587.3 562.2 0
555.5 637.2 0
637.0 605.4 0
646.2 610.4 0
688.6 603.5 0
612.0 597.7 0
626.1 572.9 0
610.4 560.9 0
581.2 459.4 0
519.8 309.3 0
490.3 290.4 0
382.6 198.5 0
244.8 222.1 0
128.0 204.5 0
4.8 25.6 0
-110.6 -123.0 0
-133.1 -208.3 0
-223.4 -295.4 0
-353.0 -317.2 0
-388.5 -396.2 0
-399.5 -448.4 0
-509.8 -541.4 0
-573.7 -686.7 0
-534.8 -755.9 0
-603.3 -752.9 0
-708.6 -892.4 0
-821.7 -937.3 0
-826.6 -882.7 0
-772.7 -942.0 0
-798.4 -892.4 0
-806.3 -808.8 0
-748.1 -776.9 0
-760.5 -766.7 0
-771.8 -755.6 0
-612.9 -641.1 0
-615.5 -691.5 0
-626.4 -573.7 0
-482.4 -431.3 0
-471.8 -387.3 0
-323.6 -292.6 0
-247.7 -147.4 0
-154.7 -119.1 0
-18.4 -67.5 0
42.5 43.6 0
146.0 173.3 0
234.2 243.8 0
401.4 361.4 0
515.4 463.7 0
533.5 433.0 0
519.7 558.6 0
521.1 596.3 0
600.5 539.3 0
610.6 592.6 0
621.3 718.8 0
548.2 600.0 0
523.0 623.7 0
551.1 483.4 0
571.6 433.9 0
451.1 448.9 0
419.4 321.0 0
438.9 315.9 0
296.8 382.9 0
279.7 304.7 0
121.6 100.8 0
56.7 73.0 0
-63.4 -58.4 0
-130.1 -102.3 0
-220.3 -235.9 0
-289.6 -341.6 0
-309.6 -453.1 0
-439.1 -502.0 0
-600.2 -533.1 0
-657.7 -592.2 0
-737.2 -644.9 0
-741.3 -726.5 0
-709.2 -730.8 0
-784.6 -729.2 0
-808.5 -824.4 0
-762.9 -837.3 0
-770.5 -815.5 0
-825.7 -890.0 0
-820.3 -839.1 0
-777.5 -723.6 0
-653.5 -706.0 0
-677.5 -698.3 0
-637.6 -638.1 0
-555.8 -655.6 0
-478.9 -603.8 0
-357.4 -518.9 0
-265.3 -362.9 0
-142.7 -248.9 0
-104.1 -153.9 0
33.0 -80.4 0
182.4 38.9 0
232.1 138.4 0
239.6 273.6 0
257.4 295.3 0
397.0 349.1 0
454.0 440.7 0
597.9 481.9 0
612.9 572.7 0
630.4 598.0 0
720.2 644.7 0
684.3 633.0 0
669.0 684.4 0
700.8 673.2 0
566.9 610.4 0
544.0 588.0 0
484.7 440.8 0
432.1 434.5 0
370.9 424.6 0
384.1 400.3 0
304.9 259.6 0
170.1 150.8 0
235.5 71.5 0
83.9 -45.5 0
-80.3 -116.7 0
-191.2 -171.9 0
-125.0 -304.7 0
-335.7 -371.2 0
-438.2 -485.4 0
-519.6 -499.0 0
-522.2 -607.1 0
-663.5 -690.6 0
-725.0 -753.2 0
-775.4 -781.3 0
-805.4 -801.4 0
-861.9 -841.6 0
-851.5 -875.5 0
-838.6 -847.6 0
-838.5 -826.0 0
-776.4 -767.2 0
-774.0 -777.6 0
-769.9 -768.0 0
-689.1 -669.4 0
-645.5 -606.8 0
-555.4 -559.4 0
-494.2 -570.8 0
-356.2 -466.0 0
-221.7 -310.1 0
-196.8 -256.7 0
-127.5 -127.5 0
-57.8 -36.1 0
58.4 -8.9 0
138.3 157.0 0
201.5 280.5 0
366.8 352.4 0
406.4 420.6 0
553.7 459.0 0
614.2 504.6 0
605.4 442.0 0
660.8 606.3 0
650.8 720.4 0
644.4 709.2 0
714.7 571.7 0
588.5 551.0 0
565.7 550.1 0
505.4 596.3 0
493.0 602.1 0
448.6 445.5 0
510.0 416.1 0
384.2 316.0 0
255.6 214.4 0
166.3 201.0 0
65.3 33.8 0
38.9 29.6 0
-54.0 -92.1 0
-133.6 -193.4 0
-234.4 -274.6 0
-328.3 -364.5 0
-490.8 -405.9 0
-512.4 -482.9 0
-551.5 -595.0 0
-664.5 -602.5 0
-686.1 -668.0 0
-780.2 -728.4 0
-843.0 -735.0 0
-793.9 -763.2 0
-832.4 -830.4 0
-772.1 -801.1 0
-815.5 -821.5 0
-772.0 -830.3 0
-764.6 -729.9 0
-757.2 -697.4 0
-656.7 -706.6 0
-569.4 -618.4 0
-528.3 -517.0 0
-361.1 -494.3 0
-289.4 -317.8 0
-263.8 -268.7 0
-199.8 -273.8 0
-89.6 -116.3 0
6.6 -3.8 0
68.8 92.4 0
199.5 177.3 0
277.9 228.6 0
368.1 368.2 0
412.9 406.9 0
436.5 475.8 0
487.5 496.3 0
544.9 554.5 0
589.6 496.9 0
633.8 519.4 0
740.8 620.8 0
756.3 648.6 0
697.8 623.4 0
651.3 542.0 0
619.8 586.3 0
614.2 562.1 0
529.1 588.0 0
533.2 514.1 0
371.2 394.4 0
387.7 376.8 0
293.3 219.9 0
233.0 62.7 0
139.2 10.0 0
13.1 4.1 0
-174.5 -71.9 0
-208.4 -204.5 0
-245.4 -234.0 0
-421.7 -373.3 0
-468.3 -513.8 0
-604.4 -516.2 0
-679.6 -700.0 0
-681.3 -699.4 0
-711.0 -757.6 0
-708.2 -711.1 0
-745.6 -788.2 0
-815.0 -794.7 0
-850.4 -779.0 0
-782.9 -755.2 0
-806.4 -734.6 0
-749.4 -649.7 0
-760.6 -624.8 0
-699.0 -590.4 0
-615.3 -557.0 0
-475.9 -560.7 0
-427.9 -497.5 0
-368.8 -328.7 0
-315.0 -299.7 0
-202.1 -177.0 0
-69.5 -52.1 0
54.4 78.9 0
82.6 101.3 0
220.2 160.7 0
245.4 263.9 0
369.5 286.9 0
386.1 376.7 0
482.4 482.7 0
497.6 590.1 0
585.5 529.6 0
625.8 579.2 0
722.0 598.2 0
753.0 685.1 0
648.0 705.0 0
603.7 728.4 0
632.6 664.2 0
641.6 614.6 0
606.0 526.0 0
530.7 509.4 0
467.0 500.6 0
460.3 486.5 0
365.6 359.1 0
286.3 274.4 0
132.3 189.4 0
97.1 149.5 0
32.0 -0.3 0
-96.5 -48.9 0
-172.6 -155.8 0
-258.1 -235.1 0
-286.0 -238.6 0
-416.9 -441.6 0
-549.5 -481.5 0
-569.0 -598.9 0
-635.9 -641.0 0
-613.7 -619.7 0
-690.3 -742.2 0
-726.5 -866.2 0
-676.3 -767.1 0
-738.1 -735.4 0
-767.8 -750.9 0
-747.8 -709.1 0
-763.8 -657.9 0
-678.5 -641.9 0
-613.1 -643.0 0
-510.7 -652.1 0
-490.0 -513.7 0
-471.6 -373.7 0
-435.3 -282.2 0
-353.7 -341.8 0
-255.0 -167.2 0
-192.7 -41.9 0
-61.4 -25.1 0
41.4 92.8 0
128.0 219.7 0
201.8 252.7 0
259.9 327.1 0
291.0 377.2 0
462.4 479.1 0
520.2 543.6 0
509.0 558.5 0
580.1 605.6 0
618.3 658.3 0
685.9 711.0 0
720.9 756.1 0
615.0 839.3 0
693.3 751.6 0
754.9 768.6 0
688.3 688.1 0
665.7 649.2 0
544.3 560.8 0
532.9 529.4 0
340.6 534.1 0
236.7 413.8 0
164.0 369.7 0
109.8 202.8 0
-17.9 52.6 0
-136.5 31.0 0
-172.8 -63.2 0
-272.6 -218.1 0
-344.9 -297.2 0
-462.9 -378.7 0
-423.9 -446.2 0
-526.4 -495.4 0
-569.0 -556.8 0
-654.5 -621.2 0
-672.0 -634.7 0
-712.1 -729.0 0
-749.6 -648.5 0
-773.8 -745.4 0
-691.3 -828.9 0
-698.1 -709.0 0
-623.0 -667.9 0
-501.8 -594.9 0
-616.7 -645.2 0
-624.9 -554.7 0
-651.1 -518.6 0
-518.2 -426.8 0
-425.3 -280.6 0
-261.9 -149.9 0
-153.1 -59.8 0
-195.7 -63.4 0
-76.8 3.0 0
81.6 151.3 0
151.9 191.0 0
225.7 241.9 0
307.6 356.3 0
379.9 479.1 0
408.1 537.5 0
516.6 549.4 0
542.5 612.6 0
653.7 663.4 0
669.3 731.3 0
654.2 730.5 0
682.0 742.4 0
694.2 735.4 0
726.9 773.8 0
675.6 645.3 0
610.3 646.3 0
562.5 608.5 0
441.2 591.2 0
355.6 484.8 0
284.3 432.0 0
329.5 380.6 0
252.2 380.5 0
149.6 243.4 0
54.3 90.3 0
-59.6 19.1 0
-100.2 -51.1 0
-205.5 -192.1 0
-299.5 -353.0 0
-364.8 -379.0 0
-468.1 -419.1 0
-498.0 -474.5 0
-624.4 -479.3 0
-659.8 -547.0 0
-719.0 -584.9 0
-764.7 -605.7 0
-737.5 -674.4 0
-734.7 -713.3 0
-743.9 -753.9 0
-789.3 -718.0 0
-706.5 -659.2 0
-695.1 -585.4 0
-664.9 -557.5 0
-618.1 -562.1 0
-561.2 -466.7 0
-485.3 -417.3 0
-436.4 -297.0 0
-300.9 -237.8 0
-230.7 -152.8 0
-103.9 -61.3 0
-23.3 -46.9 0
-16.5 71.5 0
-21.4 179.0 0
184.3 320.1 0
317.5 382.4 0
405.2 395.9 0
431.9 471.7 0
483.9 572.3 0
563.7 646.4 0
646.4 699.9 0
724.5 699.8 0
719.2 683.5 0
682.9 687.6 0
623.5 663.4 0
614.7 708.3 0
584.9 696.5 0
538.1 593.2 0
576.2 511.1 0
465.9 516.0 0
383.6 443.9 0
375.8 476.9 0
301.3 354.4 0
228.7 265.6 0
164.0 242.2 0
71.5 224.0 0
-34.9 88.5 0
-117.7 -1.6 0
-166.7 -161.9 0
-319.2 -269.2 0
-438.2 -324.0 0
-526.2 -323.2 0
-562.3 -441.9 0
-657.5 -501.0 0
-695.3 -603.6 0
-688.0 -609.2 0
-720.7 -555.1 0
-760.3 -677.4 0
-814.4 -777.7 0
-749.5 -696.9 0
-794.7 -705.0 0
-742.8 -668.2 0
-689.7 -671.9 0
-639.7 -600.8 0
-594.7 -536.6 0
-556.6 -401.4 0
-450.1 -462.0 0
-330.1 -370.7 0
-316.6 -323.2 0
-217.4 -209.5 0
-188.4 -147.3 0
-4.0 -50.5 0
-22.3 100.4 0
104.5 203.5 0
197.3 270.5 0
316.0 418.2 0
387.3 508.0 0
509.0 566.5 0
565.4 572.8 0
527.5 575.6 0
604.7 656.0 0
703.8 745.0 0
645.8 759.8 0
658.3 732.8 0
718.9 710.2 0
622.8 640.6 0
602.0 542.1 0
581.0 615.3 0
504.0 614.9 0
477.0 526.7 0
505.1 546.2 0
440.1 400.5 0
355.3 369.5 0
274.2 194.7 0
144.1 132.9 0
-2.8 34.5 0
-84.0 12.4 0
-84.9 -90.7 0
-233.1 -136.5 0
-372.6 -206.8 0
-486.2 -293.5 0
-510.9 -423.9 0
-528.0 -498.1 0
-569.6 -533.8 0
-720.9 -639.7 0
-712.4 -552.3 0
-746.3 -651.5 0
-708.4 -667.8 0
-787.0 -792.3 0
-773.9 -766.3 0
-687.0 -750.2 0
-639.5 -691.3 0
-676.6 -694.1 0
-729.1 -681.7 0
-650.3 -530.8 0
-563.9 -582.8 0
-458.1 -441.0 0
-377.7 -368.0 0
-403.9 -247.7 0
-235.4 -259.4 0
-232.4 -147.2 0
-108.4 64.9 0
132.9 117.9 0
87.6 181.9 0
160.9 305.4 0
234.2 340.4 0
386.1 370.5 0
453.1 469.2 0
546.4 525.5 0
537.8 554.1 0
567.3 542.6 0
575.8 634.8 0
619.7 684.2 0
630.1 698.9 0
653.6 785.7 0
639.9 708.2 0
663.0 660.2 0
577.9 609.6 0
491.4 654.6 0
552.7 600.4 0
436.3 550.2 0
392.4 457.0 0
350.7 410.5 0
209.5 274.8 0
149.6 248.5 0
89.6 172.9 0
35.0 91.2 0
-115.8 -40.3 0
-218.9 -185.5 0
-328.2 -228.6 0
-423.7 -330.4 0
-467.8 -474.1 0
-549.7 -580.6 0
-583.0 -583.1 0
-610.6 -664.8 0
-652.2 -622.2 0
-686.6 -672.3 0
-688.3 -690.2 0
-812.6 -780.6 0
-844.5 -768.9 0
-690.9 -784.7 0
-717.4 -747.7 0
-698.5 -710.8 0
-687.6 -683.0 0
-657.2 -606.1 0
-535.9 -518.4 0
-493.5 -474.7 0
-510.9 -411.2 0
-343.8 -297.6 0
-274.5 -214.6 0
-203.1 -171.9 0
-148.1 -52.0 0
-37.7 -4.3 0
111.2 120.5 0
198.9 236.3 0
232.7 295.7 0
342.8 417.4 0
382.2 523.7 0
468.9 554.4 0
543.4 531.5 0
550.0 578.3 0
608.9 661.8 0
676.2 765.8 0
724.9 682.1 0
740.2 664.8 0
712.1 694.3 0
614.1 750.7 0
584.8 712.2 0
571.1 602.5 0
496.9 527.4 0
465.7 491.1 0
487.4 468.4 0
408.2 338.1 0
254.5 265.6 0
78.6 228.0 0
-87.9 117.5 0
-71.1 -22.9 0
-94.0 -77.1 0
-288.4 -162.4 0
-328.9 -284.6 0
-341.6 -382.9 0
-508.4 -473.7 0
-551.2 -504.5 0
-514.4 -524.0 0
-665.7 -626.4 0
-746.1 -604.3 0
-763.3 -721.4 0
-786.7 -748.8 0
-757.9 -743.7 0
-791.5 -760.6 0
-712.3 -722.1 0
-776.9 -683.7 0
-801.7 -693.6 0
-700.9 -622.5 0
-667.5 -628.8 0
-630.3 -536.6 0
-617.5 -474.5 0
-499.8 -370.5 0
-390.6 -333.8 0
-272.6 -272.2 0
-213.1 -232.3 0
-123.8 -86.3 0
-0.7 -12.3 0
119.3 28.5 0
193.2 161.3 0
174.5 222.8 0
348.1 440.8 0
391.0 515.4 0
448.5 571.0 0
519.1 537.9 0
590.5 573.2 0
637.7 595.4 0
708.1 664.2 0
677.9 713.3 0
673.4 658.3 0
671.2 667.8 0
675.0 638.7 0
655.1 634.7 0
537.7 621.8 0
504.6 584.0 0
461.5 488.0 0
388.3 410.9 0
291.6 340.3 0
276.6 248.0 0
174.1 291.1 0
79.4 137.5 0
-17.1 88.3 0
-90.9 -100.6 0
-164.5 -205.5 0
-318.0 -301.8 0
-375.9 -426.8 0
-439.7 -491.1 0
-567.4 -448.2 0
-605.7 -478.8 0
-631.2 -594.4 0
-684.3 -676.9 0
-715.2 -757.4 0
-745.1 -783.1 0
-880.9 -789.8 0
-884.8 -824.1 0
-883.2 -766.7 0
-828.8 -807.6 0
-730.7 -740.8 0
-645.8 -668.6 0
-618.0 -686.8 0
-571.4 -647.6 0
-572.9 -612.5 0
-505.7 -531.3 0
-422.2 -393.4 0
-318.4 -285.8 0
-260.4 -208.3 0
-130.8 -153.9 0
29.3 -118.0 0
155.9 -1.4 0
142.3 66.9 0
188.7 166.0 0
272.6 229.4 0
366.0 338.7 0
467.1 448.1 0
456.2 444.4 0
478.2 532.9 0
604.2 603.4 0
592.4 630.6 0
597.4 617.2 0
722.6 627.8 0
724.1 574.8 0
702.0 636.3 0
662.6 622.3 0
603.1 502.1 0
543.1 584.7 0
416.2 523.6 0
433.8 392.3 0
308.8 334.2 0
216.5 229.5 0
138.5 125.3 0
112.3 31.0 0
23.3 -81.6 0
-60.5 -35.3 0
-81.8 -139.7 0
-246.6 -349.4 0
-258.3 -405.5 0
-416.6 -506.7 0
-618.6 -569.2 0
-634.6 -697.9 0
-568.0 -702.3 0
-594.9 -713.1 0
-749.9 -730.0 0
-803.8 -782.1 0
-739.4 -813.4 0
-784.5 -803.1 0
-767.7 -779.9 0
-679.3 -776.1 0
-734.0 -732.7 0
-726.3 -732.8 0
-670.4 -727.5 0
-598.4 -658.5 0
-597.3 -650.6 0
-496.9 -577.5 0
-421.8 -459.9 0
-327.7 -293.8 0
-284.3 -233.3 0
-185.3 -114.9 0
-67.1 -66.0 0
22.5 2.3 0
102.8 101.8 0
249.5 183.2 0
296.7 281.3 0
454.8 316.0 0
461.1 366.4 0
482.0 434.1 0
538.6 497.0 0
573.0 535.7 0
625.7 635.2 0
662.1 613.7 0
627.5 612.6 0
655.2 611.1 0
598.7 631.6 0
541.6 542.0 0
563.6 525.2 0
573.1 468.1 0
500.7 427.6 0
406.6 409.2 0
224.7 320.9 0
203.4 252.3 0
232.5 213.0 0
85.8 43.3 0
-104.5 17.8 0
-164.5 25.4 0
-294.9 -165.9 0
-279.5 -291.8 0
-321.8 -439.0 0
-433.3 -491.3 0
-529.2 -447.5 0
-626.8 -528.5 0
-598.4 -564.0 0
-745.2 -703.6 0
-761.9 -807.9 0
-738.8 -817.8 0
-709.7 -829.0 0
-731.5 -864.1 0
-776.2 -853.2 0
-795.7 -841.7 0
-741.1 -830.0 0
-744.4 -787.7 0
-662.0 -665.7 0
-645.2 -640.2 0
-542.4 -559.1 0
-586.3 -477.5 0
-500.9 -427.2 0
-367.3 -397.8 0
-249.7 -223.1 0
-167.7 -99.7 0
-60.8 3.7 0
41.5 75.2 0
86.0 137.2 0
170.6 235.2 0
223.8 284.6 0
286.2 278.3 0
378.4 376.0 0
435.0 409.4 0
548.5 475.9 0
535.4 534.6 0
555.7 545.0 0
610.4 552.3 0
673.0 559.0 0
541.1 597.2 0
660.0 668.4 0
667.6 586.9 0
612.7 595.5 0
592.9 553.3 0
511.9 563.0 0
405.3 503.9 0
429.1 295.6 0
235.7 194.9 0
202.5 149.3 0
125.9 127.6 0
35.9 1.5 0
-158.0 -85.6 0
-128.7 -150.5 0
-233.7 -214.4 0
-261.1 -310.5 0
-351.0 -376.9 0
-473.4 -477.2 0
-521.7 -602.7 0
-584.5 -659.9 0
-661.6 -752.5 0
-757.9 -753.8 0
-736.9 -714.8 0
-802.7 -844.9 0
-800.3 -735.0 0
-812.9 -762.0 0
-790.2 -770.7 0
-829.2 -832.4 0
-710.6 -757.7 0
-649.6 -705.3 0
-639.4 -656.3 0
-636.2 -635.3 0
-601.7 -510.2 0
-473.4 -391.7 0
-356.0 -346.9 0
-334.3 -244.4 0
-162.6 -224.5 0
-6.0 -63.7 0
50.1 6.0 0
175.6 138.9 0
258.9 235.8 0
321.9 276.6 0
374.4 259.5 0
458.9 364.6 0
541.6 423.6 0
561.4 592.9 0
572.7 641.8 0
621.8 651.1 0
640.6 552.1 0
628.9 515.9 0
600.4 514.6 0
624.4 540.3 0
606.4 619.3 0
550.9 606.2 0
570.2 525.7 0
584.8 478.5 0
520.2 437.2 0
399.5 334.5 0
339.2 202.1 0
251.1 79.3 0
125.4 38.9 0
63.9 12.4 0
-0.5 -42.7 0
-103.0 -66.8 0
-235.8 -120.9 0
-280.0 -266.3 0
-373.3 -433.3 0
-510.5 -506.5 0
-535.5 -685.9 0
-594.3 -769.4 0
-678.7 -707.4 0
-700.1 -714.6 0
-692.3 -726.6 0
-728.2 -788.9 0
-774.6 -818.3 0
-737.1 -819.4 0
-839.3 -836.2 0
-815.5 -805.8 0
-748.6 -744.9 0
-667.7 -684.8 0
-690.3 -637.2 0
-597.1 -680.2 0
-573.9 -569.1 0
-476.5 -481.0 0
-386.9 -414.7 0
-327.9 -350.3 0
-261.2 -197.7 0
-134.7 -94.6 0
15.2 -69.6 0
96.7 73.0 0
172.4 192.1 0
223.0 213.8 0
282.1 353.0 0
359.6 436.1 0
386.5 465.3 0
472.4 511.0 0
556.7 581.7 0
555.4 626.6 0
622.3 580.4 0
646.4 612.4 0
691.9 649.1 0
694.3 689.1 0
679.3 657.4 0
610.6 542.6 0
543.1 501.7 0
497.3 491.3 0
473.1 429.4 0
405.3 421.7 0
287.9 329.5 0
175.3 252.1 0
90.1 97.6 0
48.3 8.4 0
-2.6 -65.7 0
-143.7 -168.3 0
-225.1 -311.5 0
-202.8 -350.0 0
-388.5 -323.5 0
-436.2 -427.3 0
-576.4 -519.9 0
-619.2 -546.3 0
-551.5 -597.8 0
-632.8 -691.3 0
-700.7 -715.3 0
-768.9 -795.6 0
-764.2 -838.0 0
-753.4 -819.7 0
-749.4 -822.9 0
-698.1 -731.3 0
-789.4 -752.9 0
-771.0 -678.5 0
-691.0 -713.6 0
-596.7 -618.3 0
-500.5 -470.5 0
-448.4 -463.9 0
-365.6 -441.0 0
-308.1 -344.9 0
-217.4 -276.5 0
-128.1 -179.1 0
-92.2 -52.8 0
56.3 75.1 0
134.6 168.7 0
172.1 307.8 0
308.1 343.7 0
342.7 380.3 0
351.2 451.2 0
461.1 503.0 0
544.8 479.7 0
683.4 502.9 0
637.5 521.0 0
673.0 661.0 0
594.0 623.5 0
548.9 634.2 0
562.5 570.9 0
665.4 608.9 0
589.6 562.0 0
456.7 563.8 0
464.0 453.8 0
409.1 460.4 0
376.0 414.2 0
223.6 319.8 0
133.3 198.8 0
76.6 143.6 0
-46.7 37.2 0
-147.9 -38.7 0
-276.8 -168.4 0
-319.0 -276.6 0
-365.3 -387.2 0
-526.6 -485.9 0
-639.9 -524.3 0
-642.8 -618.9 0
-599.3 -734.4 0
-647.7 -766.3 0
-749.3 -652.3 0
-770.4 -786.6 0
-791.0 -672.2 0
-799.4 -683.2 0
-744.2 -753.1 0
-681.8 -744.2 0
-750.8 -716.8 0
-772.4 -707.6 0
-647.8 -717.3 0
-594.1 -678.3 0
-537.0 -618.0 0
-485.4 -504.0 0
-387.4 -439.1 0
-264.8 -292.6 0
-126.4 -235.7 0
-100.3 -115.7 0
-70.9 -80.4 0
129.6 75.7 0
227.5 164.9 0
341.3 170.7 0
368.3 329.5 0
413.2 462.8 0
446.1 504.9 0
497.1 364.7 0
512.6 478.9 0
526.4 537.0 0
615.0 524.2 0
592.7 521.9 0
659.3 597.6 0
693.1 684.2 0
640.2 658.4 0
588.4 611.3 0
594.5 528.2 0
502.7 511.1 0
437.2 496.0 0
367.0 408.8 0
281.8 290.8 0
255.5 235.8 0
192.0 186.7 0
124.7 103.3 0
23.7 -6.2 0
-103.7 -107.7 0
-242.8 -334.0 0
-347.5 -312.5 0
-396.8 -289.0 0
-485.4 -509.0 0
-526.1 -527.7 0
-589.5 -571.2 0
-608.9 -605.8 0
-678.1 -685.0 0
-716.0 -718.1 0
-667.3 -818.3 0
-747.5 -773.5 0
-730.1 -807.7 0
-729.8 -805.9 0
-810.7 -804.7 0
-835.7 -759.5 0
-698.5 -693.9 0
-552.0 -642.6 0
-544.0 -606.8 0
-529.3 -582.1 0
-430.5 -481.3 0
-386.9 -369.7 0
-325.9 -310.2 0
-276.2 -195.0 0
-191.6 -74.0 0
18.1 -3.6 0
91.7 58.0 0
143.8 34.1 0
179.0 210.7 0
251.0 254.0 0
380.1 336.9 0
454.7 364.9 0
520.2 487.1 0
559.2 560.5 0
663.2 549.0 0
667.2 591.5 0
622.9 582.9 0
643.0 618.9 0
604.7 583.7 0
560.1 565.6 0
677.0 619.4 0
582.0 551.2 0
470.5 511.6 0
461.7 527.9 0
407.3 495.3 0
344.0 390.0 0
308.0 331.3 0
193.8 194.7 0
48.5 43.0 0
-2.7 -4.6 0
-53.8 -55.8 0
-201.6 -167.9 0
-288.6 -232.0 0
-339.1 -359.1 0
-394.3 -504.6 0
-535.2 -507.4 0
-609.2 -581.8 0
-588.0 -724.6 0
-610.1 -731.4 0
-692.6 -822.7 0
-659.4 -793.1 0
-720.7 -756.3 0
-849.7 -769.9 0
-791.0 -716.3 0
-700.6 -658.7 0
-788.3 -670.1 0
-709.4 -706.4 0
-675.7 -649.4 0
-620.6 -575.7 0
-584.5 -442.6 0
-519.5 -418.6 0
-461.8 -378.8 0
-405.7 -337.7 0
-236.7 -222.5 0
-131.0 -111.4 0
-3.3 -21.4 0
57.0 62.5 0
176.7 166.2 0
200.5 222.8 0
225.7 297.7 0
273.6 389.4 0
416.4 443.9 0
554.5 455.4 0
567.1 504.6 0
593.9 693.5 0
505.2 720.8 0
559.9 634.8 0
591.4 636.9 0
610.8 721.7 0
689.0 658.4 0
661.2 713.3 0
680.9 670.5 0
648.3 587.2 0
591.7 553.7 0
529.2 487.3 0
367.1 413.0 0
261.2 348.6 0
244.5 230.2 0
152.7 183.6 0
-8.7 153.9 0
-124.4 -25.4 0
-176.8 -109.9 0
-197.7 -270.6 0
-220.0 -338.3 0
-322.4 -449.0 0
-469.0 -628.9 0
-543.6 -638.1 0
-549.4 -558.5 0
-530.8 -619.7 0
-685.4 -624.6 0
-777.1 -709.7 0
-753.3 -763.7 0
-791.1 -739.0 0
-779.4 -656.6 0
-830.6 -602.9 0
-805.1 -664.3 0
-772.4 -721.8 0
-678.7 -623.4 0
-632.4 -592.6 0
-542.0 -491.2 0
-412.3 -459.6 0
-337.5 -399.3 0
-345.5 -263.6 0
-291.2 -163.3 0
-151.7 -107.6 0
-72.3 11.7 0
28.2 68.4 0
100.7 69.5 0
199.9 196.8 0
248.0 325.7 0
360.3 456.2 0
386.3 487.1 0
474.6 601.6 0
542.3 595.2 0
603.4 684.3 0
608.0 737.1 0
721.6 680.6 0
718.6 652.8 0
661.2 723.2 0
673.1 714.8 0
612.6 726.4 0
517.9 675.4 0
410.3 583.4 0
371.4 455.0 0
358.8 469.7 0
408.3 479.7 0
317.9 416.8 0
260.8 355.2 0
231.0 277.3 0
182.7 130.7 0
97.5 -36.6 0
-131.3 -38.2 0
-250.9 -106.3 0
-295.1 -246.9 0
-375.0 -412.8 0
-579.7 -429.0 0
-538.5 -517.4 0
-552.2 -603.3 0
-704.1 -611.8 0
-687.0 -651.8 0
-693.5 -689.4 0
-737.6 -732.9 0
-829.2 -711.5 0
-805.8 -700.9 0
-791.0 -671.2 0
-701.7 -688.5 0
-676.8 -614.7 0
-730.0 -554.2 0
-661.7 -548.4 0
-564.0 -454.3 0
-444.1 -465.1 0
-430.0 -425.4 0
-327.4 -208.2 0
-241.1 -130.9 0
-108.0 -135.9 0
-85.1 -92.1 0
-84.7 41.3 0
88.6 168.2 0
190.9 324.7 0
279.9 353.0 0
335.5 460.5 0
394.4 494.4 0
474.8 487.5 0
541.2 598.5 0
670.0 620.8 0
706.9 606.6 0
717.5 677.8 0
722.9 666.3 0
741.2 750.7 0
751.1 732.1 0
670.1 672.3 0
692.1 615.6 0
613.5 534.6 0
605.2 546.7 0
528.5 596.2 0
378.6 444.7 0
332.7 359.9 0
172.9 319.8 0
112.2 270.9 0
-3.9 194.9 0
-160.8 91.6 0
-144.7 -32.0 0
-243.7 -152.4 0
-260.2 -165.9 0
-391.9 -279.5 0
-520.3 -387.9 0
-603.2 -426.2 0
-713.2 -535.8 0
-741.6 -581.9 0
-755.5 -680.8 0
-700.3 -610.6 0
-734.2 -748.4 0
-835.2 -689.8 0
-742.4 -775.3 0
-783.6 -738.4 0
-745.3 -650.4 0
-733.8 -648.7 0
-596.0 -632.5 0
-497.1 -565.9 0
-602.7 -414.1 0
-574.7 -369.3 0
-456.4 -294.9 0
-366.6 -250.3 0
-212.6 -186.3 0
-203.0 -72.3 0
-93.8 41.3 0
2.8 126.0 0
62.1 144.2 0
178.2 191.5 0
232.5 346.8 0
405.1 387.6 0
473.8 437.4 0
452.0 538.6 0
494.0 581.0 0
576.4 689.9 0
627.1 686.0 0
578.4 643.8 0
595.2 679.8 0
613.7 679.4 0
720.9 781.8 0
613.3 677.2 0
628.0 595.3 0
634.7 544.0 0
613.5 534.7 0
500.7 517.1 0
495.9 427.1 0
350.0 398.6 0
276.6 299.3 0
257.9 176.0 0
86.1 76.4 0
-12.7 28.3 0
-63.8 -20.9 0
-219.4 -89.8 0
-255.8 -162.6 0
-408.0 -273.0 0
-555.3 -342.4 0
-656.7 -377.7 0
-607.3 -540.2 0
-630.5 -657.0 0
-721.0 -636.3 0
-780.1 -637.2 0
-727.4 -658.7 0
-799.6 -707.5 0
-814.5 -713.6 0
-786.0 -717.8 0
-723.7 -675.3 0
-734.0 -685.7 0
-723.0 -623.9 0
-613.1 -668.9 0
-600.2 -626.7 0
-491.7 -438.3 0
-456.5 -357.1 0
-389.7 -279.0 0
-271.2 -242.9 0
-201.0 -139.1 0
-61.7 -12.7 0
79.6 84.9 0
73.9 124.6 0
186.4 192.7 0
298.2 233.7 0
352.0 328.9 0
399.7 473.7 0
467.7 476.9 0
532.0 538.4 0
560.3 600.1 0
551.3 630.0 0
569.9 580.8 0
646.3 662.4 0
679.4 652.3 0
670.9 727.4 0
743.2 753.2 0
697.4 748.2 0
619.5 658.6 0
522.0 548.8 0
515.5 526.6 0
402.7 484.6 0
408.7 378.2 0
283.7 281.9 0
241.7 223.2 0
72.6 118.2 0
28.9 33.3 0
23.6 -52.4 0
-78.1 -188.5 0
-281.8 -340.6 0
-355.3 -351.5 0
-410.5 -505.4 0
-490.6 -576.0 0
-553.3 -624.2 0
-640.4 -643.6 0
-644.4 -695.4 0
-669.4 -709.2 0
-744.3 -743.0 0
-732.7 -763.5 0
-798.0 -740.7 0
-756.3 -714.2 0
-725.6 -758.0 0
-748.0 -810.7 0
-794.2 -757.8 0
-738.2 -555.4 0
-615.0 -576.3 0
-453.8 -495.8 0
-384.5 -400.1 0
-299.6 -342.3 0
-282.4 -287.7 0
-257.9 -251.0 0
-128.9 -53.9 0
-22.3 30.9 0
92.1 145.7 0
265.5 177.6 0
270.4 338.0 0
314.6 350.1 0
347.4 443.3 0
451.9 490.7 0
560.7 558.0 0
567.0 596.6 0
690.6 622.1 0
698.8 631.0 0
684.0 655.6 0
714.2 731.9 0
687.2 727.7 0
624.7 663.1 0
562.2 599.3 0
552.5 575.9 0
563.8 531.7 0
465.4 465.5 0
382.0 452.2 0
338.1 369.8 0
239.5 315.6 0
131.3 277.8 0
77.4 218.9 0
78.1 60.9 0
-29.7 -70.0 0
-167.2 -110.0 0
-293.9 -133.8 0
-369.1 -272.0 0
-394.7 -334.6 0
-477.7 -412.6 0
-526.2 -538.7 0
-640.6 -555.1 0
-692.5 -559.3 0
-758.6 -629.4 0
-789.9 -633.4 0
-814.1 -719.2 0
-770.9 -724.5 0
-759.0 -741.2 0
-714.7 -708.6 0
-747.5 -650.6 0
-718.3 -624.7 0
-689.8 -632.2 0
-638.4 -578.0 0
-577.4 -453.9 0
-583.2 -421.2 0
-446.8 -317.2 0
-347.5 -198.2 0
-166.3 -248.4 0
-89.5 -118.4 0
-19.7 -33.5 0
106.6 93.3 0
171.7 164.1 0
279.7 280.3 0
406.2 314.2 0
411.9 372.1 0
440.3 476.1 0
519.5 475.8 0
609.4 598.2 0
605.5 652.0 0
649.1 606.5 0
685.3 648.1 0
619.3 662.9 0
760.9 752.2 0
709.1 701.2 0
707.2 595.2 0
664.8 590.1 0
584.6 493.6 0
551.0 542.6 0
326.7 583.6 0
267.6 514.5 0
239.9 387.8 0
208.9 236.7 0
98.1 120.3 0
24.2 118.3 0
-51.6 26.8 0
-218.0 -176.7 0
-277.2 -265.5 0
-319.1 -362.3 0
-392.2 -460.6 0
-445.8 -492.0 0
-533.3 -512.8 0
-676.1 -565.0 0
-675.1 -574.0 0
-683.4 -627.7 0
-747.9 -711.9 0
-690.6 -747.0 0
-735.9 -780.8 0
-748.7 -743.7 0
-828.9 -681.9 0
-758.1 -645.8 0
-772.1 -627.9 0
-699.7 -604.7 0
-668.2 -571.8 0
-564.2 -581.6 0
-424.3 -481.9 0
-377.1 -407.0 0
-286.8 -297.7 0
-158.7 -177.5 0
-146.1 -62.3 0
-54.7 57.4 0
138.1 81.0 0
230.8 189.1 0
201.0 268.4 0
305.0 364.5 0
396.6 448.7 0
401.4 450.2 0
460.6 472.8 0
575.7 589.1 0
609.4 640.7 0
562.6 671.4 0
647.6 677.3 0
666.5 691.5 0
640.3 699.9 0
741.8 655.0 0
655.0 715.5 0
590.8 746.3 0
534.1 656.1 0
484.1 598.7 0
376.5 481.8 0
325.7 338.0 0
329.1 327.0 0
169.8 298.4 0
125.4 184.7 0
51.9 72.8 0
-69.1 -55.5 0
-185.4 -139.8 0
-297.4 -134.2 0
-359.7 -174.4 0
-454.9 -329.7 0
-488.3 -387.3 0
-545.9 -476.2 0
-632.1 -579.4 0
-707.2 -614.5 0
-763.2 -576.6 0
-767.9 -690.5 0
-746.0 -707.4 0
-692.0 -677.1 0
-723.4 -663.2 0
-725.3 -743.8 0
-683.9 -705.5 0
-750.1 -591.3 0
-764.8 -616.3 0
-630.5 -599.1 0
-557.5 -524.2 0
-511.0 -429.9 0
-439.9 -307.8 0
-301.5 -242.1 0
-219.4 -160.2 0
-50.2 -73.1 0
26.5 -59.6 0
103.1 62.6 0
227.6 188.7 0
263.6 278.4 0
288.8 319.8 0
364.2 382.8 0
406.6 464.9 0
490.4 563.3 0
536.9 647.7 0
588.5 666.6 0
652.1 747.3 0
609.9 681.2 0
576.5 801.7 0
610.0 681.9 0
638.2 646.8 0
586.6 635.7 0
631.6 704.5 0
528.2 664.2 0
464.1 568.4 0
367.6 521.5 0
403.8 354.8 0
384.5 311.6 0
292.7 286.3 0
286.3 232.4 0
114.9 120.8 0
91.3 20.1 0
-46.4 -26.4 0
-195.2 -154.9 0
-316.9 -200.0 0
-397.0 -354.5 0
-424.0 -378.5 0
-506.6 -507.2 0
-549.9 -523.7 0
-613.0 -505.1 0
-654.5 -583.4 0
-617.9 -641.5 0
-724.5 -731.1 0
-741.3 -821.3 0
-808.5 -863.4 0
-757.3 -691.3 0
-744.1 -647.8 0
-813.9 -653.4 0
-735.0 -618.7 0
-654.2 -569.6 0
-533.8 -522.1 0
-513.2 -465.5 0
-344.5 -411.1 0
-264.1 -294.3 0
-224.0 -206.2 0
-166.7 -123.5 0
-63.7 70.7 0
73.2 143.2 0
151.9 242.4 0
224.1 298.6 0
342.9 359.5 0
409.5 462.2 0
458.4 495.8 0
460.1 513.9 0
531.5 605.6 0
614.7 607.4 0
669.7 703.2 0
705.5 723.9 0
772.9 744.8 0
685.4 758.4 0
655.8 699.1 0
679.2 707.7 0
617.4 612.1 0
583.3 562.2 0
583.7 468.0 0
475.7 439.0 0
356.7 330.6 0
255.8 276.9 0
256.9 187.0 0
172.6 114.9 0
96.9 67.6 0
43.0 -12.5 0
-118.9 -93.0 0
-249.3 -229.1 0
-221.1 -338.8 0
-300.6 -468.2 0
-478.2 -444.9 0
-510.6 -512.9 0
-628.0 -561.5 0
-660.7 -607.4 0
-697.5 -698.4 0
-765.1 -698.2 0
-797.5 -681.4 0
-809.1 -734.9 0
-731.1 -682.2 0
-806.6 -720.8 0
-740.7 -779.7 0
-687.0 -742.1 0
-717.2 -699.5 0
-688.5 -665.3 0
-657.2 -555.9 0
-575.6 -464.0 0
-485.1 -424.1 0
-339.6 -346.7 0
-279.6 -310.3 0
-116.3 -288.5 0
-10.3 -165.7 0
94.2 -26.6 0
68.7 4.2 0
206.9 179.0 0
275.0 265.4 0
327.9 231.9 0
450.7 359.9 0
487.6 524.9 0
507.9 483.5 0
532.9 621.9 0
553.4 679.5 0
647.4 659.8 0
777.1 638.5 0
701.3 644.5 0
773.5 661.0 0
683.9 672.1 0
620.8 634.6 0
493.2 551.0 0
452.8 492.4 0
386.3 411.5 0
303.9 341.5 0
267.1 352.6 0
193.5 240.2 0
163.9 96.8 0
85.1 0.0 0
-37.0 -105.7 0
-65.4 -118.9 0
-166.5 -184.1 0
-286.0 -276.3 0
-330.8 -435.9 0
-427.0 -458.3 0
-474.3 -527.9 0
-613.5 -647.3 0
-646.9 -724.7 0
-700.4 -766.3 0
-701.4 -838.2 0
-782.0 -816.9 0
-795.4 -840.7 0
-856.5 -947.9 0
-824.4 -848.6 0
-776.9 -869.7 0
-760.0 -705.3 0
-701.7 -748.7 0
-695.1 -732.0 0
-636.2 -576.1 0
-625.2 -401.3 0
-485.4 -383.6 0
-373.7 -392.2 0
-248.2 -356.4 0
-164.3 -277.1 0
-73.0 -85.8 0
15.7 12.4 0
58.3 80.4 0
151.7 237.5 0
273.5 199.0 0
318.6 280.6 0
405.8 360.0 0
492.0 382.3 0
514.8 518.9 0
536.5 509.7 0
628.0 533.1 0
604.0 560.3 0
625.3 603.4 0
686.1 578.0 0
689.0 669.4 0
660.7 679.2 0
606.9 642.0 0
518.0 537.2 0
496.4 450.2 0
493.8 393.3 0
377.4 326.1 0
353.8 327.0 0
298.7 210.5 0
148.7 101.2 0
58.0 70.2 0
26.5 5.5 0
-78.9 -192.3 0
-202.4 -299.7 0
-310.8 -321.1 0
-299.7 -484.4 0
-382.3 -607.7 0
-520.8 -625.2 0
-579.1 -578.9 0
-600.3 -589.9 0
-711.3 -716.5 0
-724.6 -752.9 0
-744.7 -806.7 0
-736.2 -891.9 0
-718.0 -825.6 0
-780.5 -804.0 0
-815.2 -759.2 0
-711.9 -763.2 0
-726.9 -824.4 0
-720.2 -828.5 0
-612.8 -717.8 0
-530.2 -722.8 0
-462.5 -668.4 0
-375.9 -507.9 0
-338.5 -409.9 0
-249.8 -338.5 0
-199.7 -195.1 0
-62.2 -109.1 0
-15.3 -30.6 0
53.0 44.9 0
141.7 195.6 0
242.9 187.1 0
364.2 242.6 0
453.7 382.4 0
537.7 413.6 0
516.8 447.3 0
551.9 494.5 0
605.3 558.0 0
542.5 548.4 0
618.2 578.5 0
647.3 587.5 0
654.6 501.6 0
645.6 485.9 0
587.7 513.0 0
507.7 548.5 0
466.4 422.0 0
489.7 331.0 0
297.2 321.9 0
229.8 241.4 0
149.6 109.2 0
5.5 114.3 0
-35.0 -11.6 0
-151.8 -130.0 0
-257.7 -278.6 0
-321.0 -390.3 0
-404.8 -438.9 0
-468.9 -484.5 0
-608.3 -518.4 0
-639.2 -629.9 0
-648.3 -679.1 0
-709.5 -805.8 0
-723.3 -863.3 0
-738.7 -827.8 0
-834.7 -892.7 0
-799.8 -865.7 0
-823.8 -873.0 0
-714.6 -926.3 0
-754.5 -823.3 0
-795.3 -796.1 0
-700.4 -750.2 0
-657.7 -711.5 0
-585.7 -681.3 0
-469.1 -536.8 0
-384.3 -480.2 0
-267.1 -466.8 0
-213.7 -353.8 0
-157.8 -380.1 0
-77.8 -131.7 0
-1.5 -54.4 0
115.5 82.0 0
268.8 127.6 0
285.4 195.4 0
317.9 263.2 0
498.3 304.2 0
543.3 407.6 0
529.7 476.5 0
563.8 495.0 0
606.6 518.5 0
582.0 476.9 0
650.6 551.2 0
571.4 502.6 0
619.0 456.1 0
570.3 510.3 0
577.1 480.3 0
504.8 479.2 0
477.1 405.3 0
370.0 257.8 0
279.7 128.8 0
283.8 90.2 0
254.9 33.3 0
149.1 -68.7 0
7.6 -36.3 0
-139.2 -112.8 0
-243.1 -225.5 0
-289.7 -364.9 0
-409.4 -435.1 0
-465.5 -490.3 0
-580.6 -601.0 0
-661.3 -689.6 0
-723.7 -772.6 0
-744.0 -854.3 0
-779.8 -830.9 0
-812.0 -871.5 0
-876.2 -846.2 0
-815.5 -901.7 0
-849.8 -902.4 0
-752.1 -911.1 0
-751.1 -837.4 0
-705.0 -761.6 0
-692.5 -823.4 0
-687.7 -765.9 0
-581.2 -698.0 0
-530.6 -591.6 0
-453.2 -565.6 0
-282.2 -527.5 0
-303.8 -435.1 0
-321.6 -268.8 0
-133.7 -210.2 0
-16.6 -118.4 0
16.8 -20.2 0
76.7 29.1 0
96.4 110.4 0
153.9 225.9 0
316.9 273.0 0
396.3 308.2 0
426.1 393.2 0
555.7 459.8 0
577.8 543.9 0
594.5 639.6 0
576.2 538.6 0
598.5 519.7 0
655.2 480.3 0
660.6 492.6 0
555.2 485.5 0
416.7 349.6 0
415.0 367.4 0
428.7 287.5 0
443.1 176.5 0
225.6 240.7 0
123.5 139.7 0
29.8 -10.8 0
-28.7 -82.0 0
-134.7 -115.2 0
-242.2 -258.8 0
-374.9 -329.2 0
-433.9 -410.2 0
-469.7 -490.5 0
-453.8 -654.9 0
-558.4 -689.5 0
-631.1 -629.4 0
-653.6 -743.8 0
-751.1 -815.7 0
-840.3 -924.4 0
-855.7 -934.0 0
-825.4 -818.7 0
-779.7 -877.6 0
-749.9 -905.7 0
-820.2 -889.0 0
-730.8 -854.6 0
-713.1 -782.3 0
-598.0 -723.7 0
-513.8 -666.2 0
-511.8 -562.5 0
-448.5 -555.6 0
-378.7 -453.4 0
-292.0 -348.7 0
-193.6 -222.1 0
-153.9 -158.0 0
29.6 -86.4 0
39.0 63.5 0
161.6 176.0 0
211.1 259.0 0
302.6 295.1 0
364.5 359.7 0
366.6 488.7 0
475.7 502.2 0
579.9 542.9 0
583.7 587.4 0
629.1 554.7 0
718.9 600.9 0
699.8 599.7 0
656.6 516.2 0
605.5 513.4 0
642.9 531.7 0
588.2 541.5 0
473.8 452.3 0
404.8 353.0 0
331.0 299.8 0
245.9 204.9 0
139.5 248.0 0
147.7 190.2 0
-1.6 55.6 0
-33.1 -9.7 0
-160.9 -107.0 0
-228.9 -258.8 0
-293.2 -314.2 0
-373.2 -416.3 0
-505.8 -552.8 0
-578.0 -556.4 0
-615.9 -653.2 0
-679.4 -634.7 0
-703.6 -774.2 0
-772.9 -811.7 0
-776.3 -790.8 0
-861.4 -877.5 0
-890.8 -874.7 0
-787.1 -928.6 0
-716.2 -836.2 0
-653.9 -741.2 0
-643.0 -814.1 0
-583.6 -708.6 0
-552.2 -620.9 0
-545.7 -570.6 0
-509.2 -494.3 0
-379.3 -444.7 0
-313.0 -330.9 0
-203.0 -166.0 0
-71.2 -200.5 0
-11.3 -106.3 0
97.0 73.0 0
179.5 89.1 0
207.6 143.8 0
217.2 356.4 0
368.4 427.7 0
415.5 405.5 0
500.8 415.5 0
535.6 463.2 0
550.7 656.0 0
581.8 641.9 0
621.0 564.3 0
643.3 713.1 0
647.1 624.8 0
587.3 604.5 0
582.7 527.9 0
572.2 450.8 0
462.0 496.0 0
479.3 401.7 0
386.5 360.7 0
337.6 311.8 0
236.7 232.9 0
134.0 128.8 0
-6.8 8.7 0
-141.1 -25.7 0
-203.7 -156.7 0
-242.6 -281.0 0
-307.7 -335.2 0
-403.3 -326.4 0
-597.3 -507.6 0
-605.8 -577.3 0
-613.0 -636.7 0
-660.7 -712.6 0
-757.1 -735.6 0
-815.0 -716.0 0
-793.6 -821.0 0
-851.1 -832.9 0
-820.4 -795.1 0
-895.9 -864.4 0
-862.1 -806.1 0
-804.4 -712.9 0
-805.8 -681.9 0
-723.9 -720.0 0
-609.3 -661.1 0
-486.1 -575.2 0
-442.9 -516.1 0
-456.7 -371.9 0
-317.4 -211.8 0
-241.7 -170.5 0
-77.9 -82.7 0
3.4 -56.8 0
34.2 13.3 0
137.1 95.6 0
200.2 129.9 0
327.6 251.0 0
393.5 393.3 0
380.3 435.0 0
491.4 493.7 0
615.3 501.4 0
554.6 612.4 0
565.2 646.4 0
630.9 678.0 0
751.9 644.2 0
686.7 567.2 0
652.1 616.8 0
595.6 581.9 0
561.2 591.9 0
501.7 511.0 0
384.2 474.5 0
413.2 348.2 0
337.1 239.1 0
253.0 247.1 0
117.8 139.7 0
160.0 39.4 0
-109.9 41.4 0
-109.0 -51.5 0
-213.2 -182.2 0
-322.7 -332.3 0
-371.4 -392.9 0
-503.6 -516.0 0
-488.6 -566.4 0
-598.4 -584.0 0
-611.1 -698.3 0
-618.8 -631.8 0
-721.7 -777.7 0
-762.0 -793.2 0
-804.2 -835.5 0
-799.7 -727.7 0
-692.1 -841.1 0
-695.9 -857.9 0
-798.6 -781.4 0
-704.9 -753.1 0
-668.8 -674.0 0
-560.2 -557.5 0
-377.5 -531.9 0
-394.7 -504.5 0
-376.1 -397.4 0
-296.4 -316.9 0
-235.0 -277.6 0
-151.9 -219.3 0
-6.6 -63.4 0
64.8 98.2 0
111.7 222.0 0
166.9 293.4 0
316.3 347.1 0
373.9 264.4 0
407.9 351.6 0
456.6 403.7 0
566.2 479.5 0
526.4 514.1 0
543.3 526.8 0
605.5 524.0 0
694.5 483.8 0
686.0 579.0 0
596.8 590.6 0
595.6 624.6 0
629.5 579.3 0
512.4 435.3 0
337.2 454.1 0
361.4 354.7 0
289.9 246.3 0
274.3 168.4 0
182.3 86.1 0
53.9 31.8 0
-7.9 -87.5 0
-104.5 -130.6 0
-187.4 -201.5 0
-286.9 -300.0 0
-288.3 -399.3 0
-403.2 -515.7 0
-478.8 -595.0 0
-591.7 -690.0 0
-770.1 -735.8 0
-722.8 -727.8 0
-750.6 -753.0 0
-778.0 -776.3 0
-852.8 -855.0 0
-928.9 -879.9 0
-799.0 -896.0 0
-757.3 -881.5 0
-772.8 -792.4 0
-768.1 -721.6 0
-752.3 -704.7 0
-732.8 -735.8 0
-591.4 -619.0 0
-508.3 -512.0 0
-447.3 -409.6 0
-361.3 -375.7 0
-257.1 -328.5 0
-116.0 -211.7 0
-35.9 -101.2 0
-13.2 112.0 0
170.6 154.6 0
259.2 210.1 0
356.3 350.9 0
359.6 333.2 0
531.6 424.4 0
536.7 404.2 0
608.7 368.3 0
597.8 417.9 0
571.3 459.0 0
556.8 464.5 0
622.6 519.0 0
651.8 546.1 0
599.5 557.6 0
545.8 584.2 0
546.6 489.2 0
507.0 513.2 0
474.5 388.0 0
352.5 309.7 0
330.1 308.0 0
254.5 212.6 0
195.2 85.4 0
69.6 36.2 0
-39.6 -61.7 0
-92.9 -117.4 0
-150.8 -221.9 0
-265.8 -312.4 0
-350.7 -415.2 0
-499.6 -505.9 0
-516.6 -593.4 0
-577.7 -613.9 0
-601.8 -663.3 0
-699.9 -771.7 0
-755.9 -805.1 0
-829.0 -884.7 0
-835.9 -873.1 0
-863.7 -926.6 0
-858.4 -836.4 0
-854.8 -786.1 0
-785.1 -852.9 0
-750.8 -751.2 0
-702.0 -715.2 0
-644.0 -690.6 0
-592.1 -631.2 0
-541.1 -531.2 0
-507.4 -487.0 0
-437.0 -445.8 0
-268.8 -297.4 0
-185.1 -241.4 0
-46.7 -134.0 0
14.3 -86.0 0
30.5 6.3 0
136.7 45.9 0
211.7 132.7 0
294.5 242.1 0
385.9 279.7 0
437.3 406.3 0
546.6 453.7 0
517.5 583.0 0
484.4 562.0 0
521.1 652.0 0
461.5 650.4 0
530.5 558.7 0
495.5 529.0 0
512.4 516.1 0
558.7 466.0 0
485.1 380.6 0
393.4 278.6 0
338.3 226.9 0
149.3 172.1 0
185.0 153.3 0
201.3 9.4 0
60.2 -144.3 0
-102.1 -97.4 0
-198.5 -195.2 0
-268.7 -340.5 0
-267.1 -435.2 0
-399.1 -488.3 0
-468.7 -527.6 0
-517.3 -665.9 0
-656.8 -702.7 0
-693.9 -720.3 0
-762.8 -800.5 0
-804.4 -853.8 0
-814.6 -915.2 0
-803.0 -919.6 0
-754.9 -882.2 0
-822.9 -1012.5 0
-956.7 -990.2 0
-911.1 -1001.3 0
-779.3 -943.0 0
-753.8 -821.9 0
-730.9 -735.6 0
-686.2 -735.2 0
-590.8 -683.2 0
-494.3 -555.1 0
-362.6 -574.0 0
-306.5 -467.4 0
-299.3 -301.0 0
-216.1 -227.3 0
-40.3 -143.3 0
102.1 -102.4 0
163.4 -116.8 0
246.6 55.1 0
333.7 194.0 0
391.7 255.3 0
397.2 261.8 0
396.3 313.5 0
460.3 388.3 0
524.6 401.4 0
541.3 403.8 0
582.1 339.2 0
595.1 347.1 0
597.0 370.8 0
553.5 336.9 0
557.0 356.0 0
484.3 282.9 0
445.2 212.0 0
309.2 235.2 0
257.1 166.1 0
97.7 -82.2 0
77.2 -152.5 0
114.0 -245.7 0
-47.3 -262.4 0
-91.7 -378.3 0
-238.9 -538.4 0
-324.6 -611.3 0
-421.2 -650.0 0
-519.4 -698.1 0
-575.8 -689.1 0
-675.8 -772.9 0
-735.6 -800.6 0
-818.7 -964.9 0
-836.7 -969.7 0
-857.1 -1019.9 0
-840.2 -1024.1 0
-862.1 -1016.9 0
-812.4 -1032.2 0
-790.4 -1021.1 0
-732.1 -945.0 0
-795.4 -906.8 0
-728.1 -895.4 0
-680.3 -886.0 0
-668.5 -801.0 0
-537.4 -750.6 0
-473.8 -624.2 0
-331.4 -596.9 0
-276.5 -548.7 0
-229.0 -430.3 0
-78.0 -349.5 0
-5.6 -250.8 0
24.5 -95.5 0
95.3 -61.2 0
193.6 26.2 0
237.4 133.8 0
388.5 158.4 0
430.7 243.0 0
509.3 251.4 0
506.3 339.1 0
525.5 377.8 0
505.6 452.0 0
511.0 450.8 0
551.5 497.4 0
558.7 425.8 0
536.8 419.5 0
566.8 392.1 0
504.2 355.8 0
431.8 235.4 0
390.2 173.2 0
429.4 102.7 0
344.6 47.4 0
163.7 -2.9 0
44.3 -115.9 0
-34.1 -255.2 0
-151.3 -260.9 0
-225.4 -292.0 0
-351.1 -395.5 0
-384.2 -462.6 0
-542.3 -583.8 0
-619.2 -710.6 0
-609.7 -790.6 0
-702.1 -848.1 0
-793.2 -887.8 0
-854.1 -946.8 0
-817.0 -1044.7 0
-877.4 -1035.2 0
-866.0 -1048.6 0
-799.4 -994.8 0
-835.6 -957.7 0
-805.8 -846.4 0
-768.2 -903.6 0
-754.3 -932.4 0
-761.8 -843.9 0
-741.0 -759.6 0
-486.4 -713.7 0
-442.5 -699.7 0
-379.7 -582.5 0
-274.8 -491.1 0
-177.9 -386.0 0
-202.6 -363.9 0
-114.3 -265.3 0
9.8 -149.5 0
72.1 -62.6 0
252.0 -1.8 0
300.1 77.1 0
415.7 163.5 0
458.9 280.2 0
562.2 270.7 0
573.7 361.3 0
586.9 416.3 0
570.1 388.4 0
583.8 371.7 0
617.9 416.3 0
562.9 428.5 0
605.4 389.1 0
550.5 267.0 0
473.5 305.3 0
540.8 211.2 0
417.6 212.2 0
346.1 168.4 0
221.8 87.3 0
180.2 88.1 0
66.3 -49.2 0
30.2 -169.9 0
-79.0 -304.9 0
-174.8 -364.7 0
-305.2 -424.9 0
-412.7 -497.8 0
-520.0 -544.0 0
-586.6 -585.9 0
-551.5 -603.8 0
-681.6 -777.6 0
-748.9 -853.4 0
-835.7 -872.9 0
-815.0 -909.4 0
-903.8 -864.1 0
-981.4 -870.6 0
-835.7 -915.0 0
-791.1 -898.3 0
-801.9 -821.4 0
-804.3 -863.6 0
-734.2 -818.9 0
-771.1 -704.9 0
-634.9 -717.6 0
-516.1 -610.3 0
-531.1 -556.1 0
-487.6 -459.1 0
-305.6 -417.4 0
-219.1 -351.9 0
-95.6 -241.5 0
7.4 -122.4 0
40.1 -59.2 0
147.3 -3.5 0
231.2 107.9 0
348.2 204.7 0
358.3 239.9 0
392.8 255.6 0
372.1 387.8 0
428.4 404.0 0
522.7 474.6 0
529.2 492.9 0
550.1 524.0 0
574.3 531.9 0
655.8 577.8 0
664.0 561.4 0
596.9 516.7 0
584.9 490.4 0
553.0 335.1 0
462.7 265.4 0
358.3 240.6 0
223.1 186.7 0
103.0 196.1 0
76.6 94.3 0
81.5 -44.2 0
-20.0 -177.7 0
-224.1 -208.7 0
-200.8 -263.0 0
-316.7 -298.8 0
-436.0 -495.3 0
-520.4 -573.0 0
-602.4 -597.5 0
-613.8 -779.6 0
-685.0 -771.4 0
-686.3 -832.4 0
-774.8 -844.0 0
-808.7 -820.0 0
-812.4 -898.6 0
-820.7 -880.2 0
-787.1 -876.0 0
-776.4 -868.5 0
-765.1 -865.6 0
-699.1 -782.4 0
-655.1 -801.1 0
-666.5 -736.6 0
-570.0 -695.4 0
-403.9 -587.7 0
-472.8 -534.5 0
-384.8 -424.7 0
-270.8 -279.5 0
-216.7 -182.6 0
-113.2 -85.0 0
-33.8 -76.1 0
55.7 45.1 0
173.3 156.9 0
259.9 267.3 0
298.2 236.3 0
382.9 344.0 0
509.2 396.7 0
510.1 494.7 0
554.6 553.0 0
699.2 592.4 0
671.6 616.7 0
579.6 699.3 0
595.6 545.4 0
584.9 601.7 0
561.3 597.9 0
542.1 476.5 0
485.7 454.8 0
409.8 405.2 0
351.8 343.2 0
269.8 166.9 0
180.7 -12.4 0
94.4 58.6 0
5.4 -30.1 0
-70.6 -109.7 0
-80.0 -183.6 0
-167.8 -206.9 0
-364.8 -358.6 0
-445.4 -503.5 0
-414.0 -560.6 0
-574.6 -639.8 0
-622.4 -737.4 0
-653.8 -750.1 0
-699.0 -789.8 0
-747.6 -884.8 0
-813.2 -884.7 0
-808.3 -944.7 0
-834.7 -920.6 0
-793.3 -879.2 0
-764.7 -919.7 0
-755.0 -841.7 0
-693.4 -809.4 0
-728.0 -692.9 0
-601.2 -723.6 0
-573.6 -685.0 0
-550.6 -596.7 0
-392.6 -551.3 0
-429.5 -401.9 0
-279.7 -355.3 0
-170.2 -298.6 0
-116.3 -182.4 0
-86.9 -40.4 0
82.9 11.5 0
170.4 38.9 0
169.3 113.6 0
335.9 326.9 0
373.0 399.6 0
505.3 404.0 0
468.1 410.3 0
575.9 462.5 0
610.8 517.7 0
654.0 460.7 0
631.6 503.1 0
628.6 510.3 0
617.7 512.7 0
623.8 542.7 0
544.1 507.4 0
420.9 392.8 0
415.6 305.7 0
364.8 293.1 0
298.9 191.6 0
247.9 137.6 0
179.9 72.4 0
65.8 -58.4 0
44.7 -181.4 0
-74.1 -271.5 0
-210.9 -249.9 0
-288.4 -333.5 0
-407.9 -406.1 0
-398.0 -535.2 0
-553.2 -629.2 0
-667.1 -664.9 0
-669.2 -697.1 0
-781.8 -745.4 0
-849.2 -850.4 0
-740.2 -898.7 0
-826.7 -932.1 0
-878.2 -860.8 0
-866.5 -914.1 0
-821.6 -890.5 0
-848.9 -952.0 0
-807.8 -924.7 0
-721.1 -779.9 0
-560.7 -648.4 0
-497.5 -541.5 0
-473.4 -610.6 0
-479.0 -562.2 0
-453.5 -438.0 0
-250.7 -353.0 0
-237.7 -207.0 0
-105.6 -80.5 0
-54.2 -52.2 0
66.8 91.7 0
156.9 125.0 0
229.3 137.3 0
298.0 232.3 0
372.8 341.6 0
476.6 412.9 0
497.5 466.2 0
505.8 512.6 0
546.9 555.1 0
567.0 487.0 0
586.1 618.5 0
579.0 595.6 0
597.3 597.0 0
617.1 612.5 0
623.0 584.4 0
582.2 461.2 0
509.1 449.7 0
453.9 398.4 0
356.8 325.2 0
258.9 312.1 0
179.4 233.7 0
123.8 44.8 0
31.3 -31.6 0
-107.7 -177.8 0
-107.0 -330.3 0
-261.0 -400.0 0
-326.3 -454.3 0
-413.3 -476.2 0
-508.8 -480.3 0
-577.8 -675.8 0
-696.8 -766.3 0
-682.7 -774.9 0
-749.2 -806.5 0
-782.5 -845.0 0
-792.3 -871.5 0
-828.1 -917.9 0
-772.6 -860.0 0
-815.7 -902.1 0
-843.5 -822.4 0
-798.9 -747.3 0
-630.7 -674.2 0
-632.8 -738.6 0
-525.6 -668.8 0
-461.1 -528.9 0
-450.1 -470.7 0
-393.8 -399.2 0
-333.5 -309.8 0
-132.8 -102.5 0
-59.0 -113.2 0
16.6 -41.9 0
74.6 71.1 0
196.4 139.2 0
241.3 238.0 0
276.8 366.9 0
451.5 394.5 0
547.1 421.9 0
586.6 437.2 0
680.5 485.3 0
724.3 615.2 0
671.6 596.8 0
648.8 603.9 0
648.0 514.0 0
692.8 589.0 0
625.0 561.7 0
575.7 593.5 0
484.5 530.9 0
549.3 438.8 0
479.5 389.2 0
390.2 348.5 0
294.9 215.1 0
172.8 240.6 0
92.8 92.5 0
46.1 -64.9 0
-98.0 -157.8 0
-174.8 -202.0 0
-226.8 -331.5 0
-302.3 -327.9 0
-343.2 -359.6 0
-424.5 -441.5 0
-492.2 -501.7 0
-567.1 -619.9 0
-693.7 -766.3 0
-712.8 -782.4 0
-767.8 -801.8 0
-700.8 -827.6 0
-757.8 -745.5 0
-774.6 -745.7 0
-668.4 -837.0 0
-639.3 -764.6 0
-698.2 -613.7 0
-666.3 -681.1 0
-609.2 -606.4 0
-600.9 -566.6 0
-537.5 -524.4 0
-478.1 -390.9 0
-415.6 -371.6 0
-288.7 -219.0 0
-120.8 -171.4 0
-46.5 -67.0 0
19.9 -25.0 0
122.3 90.1 0
150.2 231.5 0
269.3 328.3 0
340.8 334.0 0
525.9 452.3 0
554.5 560.1 0
552.8 597.6 0
638.5 543.7 0
683.7 629.8 0
671.0 676.9 0
679.4 606.7 0
739.0 709.5 0
691.1 753.5 0
656.3 707.1 0
577.3 764.7 0
522.9 655.4 0
433.3 547.0 0
412.1 481.5 0
355.3 442.6 0
300.2 286.0 0
166.5 288.1 0
141.7 229.8 0
191.9 10.0 0
74.3 -0.3 0
-18.1 -19.2 0
-227.2 -165.8 0
-295.9 -204.2 0
-347.1 -354.1 0
-397.4 -403.5 0
-548.1 -377.3 0
-588.6 -447.0 0
-641.8 -592.7 0
-689.5 -627.2 0
-761.7 -712.8 0
-743.8 -736.9 0
-785.1 -806.5 0
-774.6 -779.4 0
-803.5 -642.1 0
-769.1 -689.4 0
-694.3 -643.7 0
-623.9 -559.1 0
-551.7 -566.0 0
-458.6 -460.9 0
-425.2 -483.5 0
-454.3 -423.7 0
-407.0 -350.2 0
-298.1 -200.3 0
-242.9 -27.5 0
-72.1 -58.7 0
-5.2 -26.9 0
67.0 134.7 0
155.0 116.6 0
236.6 296.5 0
403.0 345.3 0
384.4 476.1 0
497.6 544.6 0
546.8 577.7 0
622.6 618.3 0
630.2 611.0 0
651.6 571.0 0
626.0 646.7 0
580.9 652.7 0
516.4 611.8 0
562.0 629.8 0
608.5 519.5 0
532.3 509.0 0
437.4 432.8 0
467.5 466.5 0
296.7 419.2 0
262.6 404.0 0
220.2 222.6 0
128.3 116.6 0
33.0 74.2 0
36.9 -29.8 0
-84.0 -41.3 0
-154.5 -136.2 0
-247.2 -276.3 0
-435.6 -378.5 0
-480.5 -537.6 0
-516.9 -550.3 0
-619.7 -649.9 0
-695.9 -693.9 0
-741.1 -726.5 0
-789.6 -781.7 0
-756.8 -873.8 0
-783.6 -884.4 0
-749.7 -808.6 0
-787.2 -782.0 0
-826.4 -777.2 0
-815.8 -846.7 0
-733.6 -735.8 0
-725.9 -686.8 0
-581.5 -568.9 0
-418.9 -512.6 0
-437.2 -467.4 0
-395.0 -502.8 0
-151.6 -378.0 0
-154.6 -299.1 0
-87.7 -149.5 0
4.9 -89.3 0
-4.9 -21.4 0
39.4 153.3 0
158.1 255.1 0
234.5 334.7 0
400.7 400.5 0
462.4 480.6 0
491.0 545.4 0
624.7 574.2 0
621.8 595.7 0
579.3 657.2 0
583.7 628.0 0
693.5 613.6 0
636.1 694.5 0
603.4 702.0 0
566.9 583.8 0
551.3 609.9 0
563.6 580.0 0
442.4 558.4 0
372.6 432.7 0
340.9 321.7 0
280.1 278.0 0
133.2 129.5 0
99.5 19.7 0
28.8 -52.9 0
-126.0 -123.2 0
-253.0 -142.3 0
-259.6 -268.3 0
-399.0 -298.1 0
-505.3 -529.8 0
-542.0 -591.8 0
-623.0 -589.4 0
-628.9 -522.9 0
-730.7 -556.2 0
-723.1 -629.5 0
-731.8 -738.9 0
-792.8 -728.4 0
-818.8 -685.9 0
-756.1 -758.6 0
-730.7 -712.2 0
-774.4 -649.5 0
-740.7 -648.4 0
-605.1 -608.4 0
-523.6 -539.2 0
-526.1 -541.5 0
-472.9 -354.6 0
-303.4 -241.8 0
-274.5 -264.2 0
-215.3 -163.4 0
-166.6 -113.9 0
-56.4 2.4 0
63.3 127.1 0
237.5 216.9 0
298.1 334.5 0
309.1 358.6 0
354.3 551.3 0
411.3 623.4 0
503.9 706.9 0
610.9 567.7 0
661.7 632.9 0
656.6 682.1 0
625.6 645.5 0
679.8 681.3 0
672.5 654.6 0
586.4 600.4 0
580.3 644.2 0
597.8 629.5 0
572.4 520.2 0
487.6 448.0 0
480.5 426.1 0
373.5 370.0 0
299.9 336.8 0
278.3 245.3 0
162.4 168.8 0
112.8 26.8 0
63.9 -12.3 0
-89.7 -182.5 0
-248.2 -233.7 0
-308.1 -331.2 0
-360.6 -392.4 0
-469.2 -457.6 0
-542.7 -537.5 0
-681.9 -571.3 0
-780.1 -639.2 0
-816.6 -616.7 0
-757.7 -696.0 0
-773.2 -707.2 0
-731.2 -653.0 0
-764.8 -664.3 0
-813.0 -734.5 0
-772.0 -685.8 0
-678.1 -680.7 0
-645.0 -647.2 0
-556.5 -636.3 0
-502.3 -594.7 0
-523.2 -506.1 0
-418.9 -353.2 0
-273.2 -242.0 0
-146.7 -116.2 0
-39.5 -159.9 0
4.3 -134.8 0
58.7 -39.2 0
133.9 108.9 0
155.7 282.1 0
%2020-12-30 16:31:3 0  3906
