%2020-12-30 17:50:55 0
%%CH1,CH2,AX,AY,AZ,IR,RED
-416666.7 -387582.6 0
-416666.7 -416666.7 0
-416666.7 -416666.7 0
-416666.7 -416666.7 0
-416666.7 -416666.7 0
-416666.7 -416666.7 0
-416666.7 -416666.7 0
-416666.7 -416666.7 0
-416666.7 -416666.7 0
-416666.7 -416666.7 0
-416666.7 -416666.7 0
-416666.7 -416666.7 0
-416666.7 -416666.7 0
-416666.7 -401269.6 0
-398821.3 -363408.1 0
-334929.6 -300398.4 0
-294688.8 -260152.1 0
-280440.3 -245605.5 0
-297819.9 -262242.4 0
-314317.5 -278694.3 0
-325053.5 -289516.4 0
-335355.1 -299967.2 0
-349738.3 -314110.3 0
-386127.0 -350075.9 0
-416666.7 -391211.9 0
-416666.7 -416666.7 0
-416666.7 -416666.7 0
-416666.7 -416666.7 0
-416666.7 -416666.7 0
-416666.7 -416666.7 0
-416666.7 -416666.7 0
-416666.7 -416666.7 0
-416666.7 -416666.7 0
-416666.7 -416666.7 0
-416666.7 -416666.7 0
-416666.7 -416666.7 0
-416666.7 -416666.7 0
-416666.7 -416666.7 0
-416666.7 -416666.7 0
-416666.7 -415860.9 0
-410874.7 -376977.9 0
-356762.9 -323294.0 0
-329176.7 -295516.2 0
-320633.8 -286695.2 0
-336909.2 -302372.7 0
-353758.7 -318998.4 0
-375819.9 -340854.6 0
-393310.7 -358502.5 0
-413209.5 -378312.5 0
-416666.7 -405791.2 0
-416666.7 -416666.7 0
-416666.7 -416666.7 0
-416666.7 -416666.7 0
-416666.7 -416666.7 0
-416666.7 -416666.7 0
-416666.7 -416666.7 0
-416666.7 -416666.7 0
-416666.7 -416666.7 0
-416666.7 -416666.7 0
-416666.7 -416666.7 0
-416666.7 -416666.7 0
-416666.7 -416666.7 0
-416666.7 -415595.4 0
-416666.7 -387371.0 0
-400606.2 -367179.4 0
-366362.3 -333243.9 0
-334845.9 -301942.8 0
-295311.0 -262818.1 0
-279996.2 -247163.1 0
-271911.9 -238883.8 0
-293530.1 -260002.5 0
-320671.6 -286897.6 0
-356193.2 -322061.2 0
-378253.4 -344282.8 0
-395620.0 -361774.6 0
-416666.7 -389495.6 0
-416666.7 -416666.7 0
-416666.7 -416666.7 0
-416666.7 -416666.7 0
-416666.7 -416666.7 0
-416666.7 -416666.7 0
-416666.7 -416666.7 0
-416666.7 -416666.7 0
-416666.7 -416666.7 0
-416666.7 -416666.7 0
-416666.7 -416666.7 0
-416666.7 -416666.7 0
-416666.7 -398244.1 0
-390947.2 -359003.5 0
-360948.4 -328812.4 0
-340374.3 -308283.5 0
-315220.5 -283300.4 0
-295159.4 -263245.9 0
-267524.0 -235850.1 0
-255272.3 -223531.0 0
-257147.9 -225231.8 0
-296892.6 -264002.7 0
-339404.4 -306173.6 0
-382734.4 -349128.1 0
-398306.2 -365318.9 0
-413421.1 -380426.0 0
-416666.7 -408386.2 0
-416666.7 -416666.7 0
-416666.7 -416666.7 0
-416666.7 -416666.7 0
-416666.7 -416666.7 0
-416666.7 -416666.7 0
-416666.7 -416666.7 0
-416666.7 -416666.7 0
-416666.7 -416666.7 0
-416666.7 -416666.7 0
-416666.7 -401055.4 0
-365139.8 -334582.5 0
-305318.0 -274943.1 0
-249432.8 -219359.1 0
-208564.5 -178399.9 0
-183245.1 -153041.5 0
-158946.8 -128957.1 0
-134737.3 -104871.5 0
-96647.4 -67163.0 0
-78237.4 -48582.1 0
-78816.5 -48941.3 0
-123216.6 -92412.9 0
-163555.5 -132509.9 0
-194417.1 -163389.0 0
-198394.6 -167919.0 0
-212023.9 -181552.1 0
-240253.4 -209591.0 0
-288125.5 -256805.1 0
-326230.5 -294943.1 0
-336912.1 -306046.5 0
-327691.5 -297567.1 0
-298559.7 -268997.9 0
-280638.5 -251256.2 0
-257172.7 -228080.5 0
-241215.4 -212039.2 0
-209106.4 -180388.9 0
-175193.1 -146849.1 0
-120254.7 -92602.0 0
-68654.7 -41381.0 0
-22711.5 4429.1 0
-7408.2 20028.6 0
-7197.1 20435.5 0
-7706.6 19947.1 0
4743.7 32010.8 0
26229.3 53081.3 0
21160.1 48194.8 0
-8266.2 19352.3 0
-71966.2 -43334.8 0
-118440.5 -89894.5 0
-151811.4 -123372.5 0
-161393.6 -133581.0 0
-182959.6 -155034.3 0
-212216.7 -184099.1 0
-250176.2 -221690.9 0
-273375.0 -245119.4 0
-277769.6 -249941.5 0
-264114.7 -236906.0 0
-231819.1 -205205.2 0
-198388.5 -172099.5 0
-158589.3 -132507.9 0
-134089.3 -108262.3 0
-97294.7 -71859.3 0
-56025.1 -31066.4 0
14233.6 38233.1 0
77285.6 100911.4 0
123403.5 146830.7 0
133123.7 157155.9 0
129223.1 153552.5 0
129911.8 154132.3 0
146573.0 170225.2 0
162576.5 186032.8 0
149082.7 172976.2 0
111768.0 136305.6 0
51817.7 76820.8 0
13406.7 38307.0 0
-19389.1 5331.3 0
-33742.0 -9463.2 0
-62376.8 -37974.2 0
-87584.1 -63167.7 0
-119852.3 -95243.8 0
-138536.5 -114268.8 0
-145112.7 -120993.8 0
-132078.8 -108673.5 0
-94392.9 -71634.3 0
-53318.4 -30989.5 0
-19748.0 2441.3 0
-8084.2 14135.7 0
14684.1 36604.5 0
49710.3 71110.0 0
115189.9 135582.9 0
162450.5 182774.8 0
188376.4 208899.3 0
174284.9 195510.3 0
160666.5 181952.3 0
153698.2 174806.9 0
158780.6 179480.5 0
155849.9 176546.0 0
127758.6 148927.8 0
84920.6 106520.2 0
30719.5 52607.2 0
-8644.4 13151.6 0
-44875.9 -23075.9 0
-60002.3 -38530.4 0
-78573.6 -57122.8 0
-86951.7 -65892.3 0
-110970.2 -89495.7 0
-123552.4 -102220.8 0
-121881.4 -100907.4 0
-88756.1 -68705.4 0
-34993.1 -15720.0 0
11281.6 30077.5 0
41359.6 60342.2 0
53295.5 72374.3 0
84985.0 103505.7 0
130676.2 148622.9 0
192512.5 209787.6 0
224981.4 242431.6 0
234656.2 252366.2 0
215491.3 233891.0 0
205473.5 223662.3 0
193488.9 211723.1 0
186173.8 204251.8 0
166530.7 184764.3 0
134095.4 152495.9 0
90601.4 109482.1 0
33077.1 52320.4 0
-14797.5 4468.4 0
-54830.2 -35715.3 0
-59481.3 -40967.1 0
-61771.0 -43457.6 0
-62044.9 -43907.9 0
-85089.5 -66677.0 0
-95331.0 -77124.2 0
-83054.9 -65410.4 0
-32934.5 -16477.3 0
24247.4 40269.6 0
67639.4 83574.3 0
90092.2 106141.8 0
105587.5 121732.2 0
141700.0 157315.5 0
182629.5 197803.3 0
229732.5 244491.3 0
246766.9 261805.7 0
249141.0 264407.3 0
226001.7 241791.5 0
207362.9 223196.3 0
179940.0 195851.3 0
160875.1 176631.0 0
137002.7 152862.7 0
108739.6 124623.8 0
61776.5 78263.3 0
1418.9 18348.8 0
-47551.0 -30641.1 0
-76875.3 -60264.3 0
-67871.9 -52025.3 0
-62407.3 -46846.1 0
-60923.8 -45407.9 0
-84642.2 -68715.8 0
-82175.9 -66691.7 0
-54700.0 -39858.2 0
3320.9 17071.1 0
58276.6 71683.9 0
96265.4 109673.3 0
117855.7 131536.2 0
141441.2 154830.0 0
174178.2 187312.5 0
204704.4 217524.6 0
236170.1 248763.4 0
246419.9 259245.9 0
245942.5 259111.6 0
214450.0 228114.7 0
179580.1 193442.7 0
138395.8 152597.1 0
119943.1 133819.9 0
100094.0 113831.6 0
69329.8 83306.6 0
15655.7 30381.7 0
-46702.7 -31697.8 0
-86382.8 -71579.2 0
-95949.4 -81736.7 0
-76100.1 -62669.6 0
-66159.1 -52887.4 0
-64714.1 -51237.7 0
-77309.8 -63664.9 0
-58502.0 -45527.8 0
-20132.4 -7737.0 0
41666.4 53238.0 0
89289.7 100756.9 0
127767.5 139072.0 0
152842.4 164345.1 0
172863.9 184238.8 0
194859.5 206053.9 0
212664.4 223842.9 0
235462.7 246363.9 0
243528.4 254508.4 0
235578.2 246911.7 0
191147.7 203263.9 0
145277.6 157707.1 0
100505.3 113089.0 0
87194.8 99145.8 0
66750.2 78744.9 0
33829.1 46131.7 0
-23960.8 -10890.2 0
-77784.1 -64522.0 0
-101725.0 -88965.1 0
-97008.0 -85049.0 0
-75403.1 -63876.6 0
-66003.5 -54469.6 0
-59264.4 -47664.2 0
-56800.9 -45291.9 0
-27738.1 -16813.6 0
8863.7 19265.4 0
65164.3 74729.2 0
112922.4 122326.2 0
157921.7 167102.6 0
179901.7 189539.1 0
191385.8 201015.4 0
197549.1 207279.8 0
209083.0 218531.9 0
231418.5 240681.6 0
233000.5 242630.5 0
209006.7 219187.4 0
149431.7 160483.4 0
97922.9 109115.9 0
60571.9 71612.8 0
53045.4 63427.5 0
28091.8 38734.9 0
-11196.7 -143.7 0
-68071.6 -56361.4 0
-103758.9 -92315.5 0
-115614.1 -104626.2 0
-103336.8 -93059.7 0
-82378.6 -72404.9 0
-65333.5 -55565.5 0
-43913.1 -34271.1 0
-29800.2 -20144.2 0
-718.3 8508.5 0
31501.2 40426.5 0
90208.1 98392.0 0
144762.6 152654.3 0
189023.3 196688.4 0
197767.5 206039.6 0
192925.5 201629.3 0
188532.5 197225.7 0
202485.3 210724.2 0
217626.8 225699.7 0
206210.0 214714.7 0
165668.0 174867.3 0
100305.2 110244.0 0
55439.9 65370.4 0
21840.2 31720.9 0
8992.8 18457.6 0
-21841.8 -12144.5 0
-57498.7 -47637.8 0
-100466.6 -90275.6 0
-122141.9 -112148.3 0
-128979.6 -119254.9 0
-114206.1 -105140.5 0
-85493.2 -76981.6 0
-53208.9 -44996.7 0
-22400.9 -14192.6 0
-5415.7 2880.9 0
21156.2 29193.3 0
55477.1 63017.8 0
119913.7 126775.0 0
171083.4 177712.7 0
204169.7 210947.0 0
193729.2 201399.4 0
179367.2 187281.3 0
175420.1 183144.6 0
188129.8 195459.3 0
186805.0 194270.4 0
158722.2 166660.5 0
106808.6 115712.6 0
46643.8 55839.3 0
5050.5 14075.8 0
-30449.8 -21399.9 0
-47425.8 -38680.3 0
-77342.3 -68446.2 0
-96617.9 -87835.4 0
-127516.7 -118331.6 0
-144394.4 -135443.8 0
-148549.3 -139822.6 0
-123300.0 -115356.8 0
-79531.4 -72199.8 0
-35514.7 -28521.5 0
-6016.0 1159.9 0
8608.4 15948.9 0
34005.7 41061.3 0
75046.5 81502.1 0
139486.6 145147.5 0
178522.8 184390.4 0
194181.7 200494.9 0
172323.6 179414.6 0
159767.6 166870.8 0
152805.1 159833.8 0
155816.2 162571.1 0
140101.2 147236.7 0
106548.2 114100.2 0
58895.0 66931.8 0
4131.0 12516.3 0
-39396.6 -30850.7 0
-77441.3 -68964.9 0
-90271.4 -82325.4 0
-105646.3 -97767.5 0
-112656.9 -104735.1 0
-136885.7 -128668.6 0
-147660.7 -139649.8 0
-143710.7 -136085.7 0
-98303.4 -91748.0 0
-43206.5 -37227.5 0
3493.8 9383.2 0
28118.5 34537.2 0
41535.3 47993.2 0
70989.9 77194.0 0
117212.9 122750.7 0
173883.1 178784.4 0
200985.8 206069.2 0
205089.0 210739.5 0
181007.8 187412.5 0
165692.4 172167.7 0
147397.8 153941.6 0
136486.0 142723.2 0
108860.7 115657.0 0
73781.9 80864.0 0
25962.1 33419.6 0
-29338.3 -21620.2 0
-77319.5 -69402.1 0
-110509.9 -102839.7 0
-111295.7 -104074.3 0
-111430.5 -104389.7 0
-111075.4 -104087.2 0
-132164.4 -124725.6 0
-136225.7 -128979.8 0
-116886.2 -110152.9 0
-56584.2 -51002.1 0
-516.5 4717.3 0
41648.4 46806.2 0
60441.6 65985.6 0
81102.5 86575.5 0
117431.6 122554.0 0
157673.2 162344.1 0
198019.9 202456.3 0
210648.2 215474.9 0
211774.0 216829.0 0
184158.3 189945.2 0
159329.3 165392.4 0
126455.4 132738.9 0
110011.2 115983.7 0
85773.3 91957.6 0
57317.4 63762.3 0
4998.7 12097.4 0
-52944.9 -45482.9 0
-98283.1 -90835.2 0
-113446.4 -106612.4 0
-98986.8 -92732.5 0
-91179.2 -84974.4 0
-90337.1 -84173.9 0
-106792.9 -100313.3 0
-92479.8 -86440.2 0
-56038.8 -50621.4 0
10058.2 14515.5 0
61708.8 66007.6 0
102059.4 106431.1 0
124523.8 129083.7 0
151851.3 156172.1 0
182095.4 186298.8 0
213296.9 217223.1 0
240561.8 244478.5 0
251721.4 255895.8 0
250596.1 255084.5 0
216580.0 221754.0 0
181652.3 187020.4 0
141675.9 147222.3 0
127746.4 132904.0 0
108783.3 114027.8 0
78894.9 84407.7 0
24427.8 30645.5 0
-28069.7 -21579.9 0
-58468.5 -52301.9 0
-56165.5 -50796.5 0
-37438.4 -32565.3 0
-27791.0 -22938.6 0
-24391.6 -19290.0 0
-26826.9 -21697.0 0
2900.8 7401.9 0
44584.4 48498.8 0
108880.0 112020.4 0
155774.8 158813.5 0
197376.6 200415.0 0
220994.9 224227.0 0
241225.1 244463.1 0
258085.9 261276.4 0
277428.0 280479.4 0
298388.4 301183.5 0
305917.3 308869.3 0
291236.8 294864.6 0
243404.6 247734.8 0
193986.4 198601.2 0
155655.7 160081.2 0
148050.7 152080.1 0
125672.5 129905.6 0
88517.7 93114.3 0
25752.8 31155.5 0
-18457.4 -13179.8 0
-33788.5 -28962.5 0
-20580.4 -16515.1 0
465.3 4185.3 0
14308.1 17818.5 0
25317.9 28975.5 0
38567.0 42120.4 0
72555.4 75593.0 0
110281.7 112827.2 0
169452.7 171346.8 0
217848.5 219601.3 0
263352.2 264883.5 0
277916.3 280016.4 0
286478.7 288622.2 0
290698.9 292991.9 0
310181.2 312027.2 0
329203.3 330978.4 0
324313.5 326341.3 0
288197.7 291177.5 0
225149.1 228926.3 0
178629.2 182436.9 0
146637.0 150127.9 0
136115.8 139040.9 0
107316.0 110656.4 0
68362.1 72081.6 0
15062.5 19186.1 0
-12050.6 -8245.5 0
-20369.2 -16874.2 0
-1041.2 1688.4 0
20194.5 22778.0 0
42933.2 45353.9 0
68458.8 70765.5 0
88113.7 90361.6 0
118906.1 120799.4 0
155547.6 156990.6 0
216933.5 217614.3 0
269852.4 270349.7 0
309318.9 309832.2 0
309412.4 310602.8 0
303261.8 304608.2 0
301330.9 302682.0 0
320070.1 320884.2 0
326919.1 327796.3 0
307853.3 309255.8 0
257322.0 259559.7 0
197273.7 199923.1 0
155337.9 157903.7 0
125899.1 128296.8 0
111997.2 114055.2 0
80509.2 82874.0 0
48548.9 51150.0 0
10976.8 13791.7 0
-5396.4 -2823.1 0
-11652.2 -9278.7 0
7479.3 9201.4 0
36653.8 37991.0 0
72486.6 73490.4 0
100628.1 101675.8 0
120880.8 121925.7 0
147790.0 148510.4 0
186622.7 186994.9 0
249609.8 249180.1 0
295271.6 294676.5 0
319339.4 319120.5 0
301127.7 301694.7 0
290724.9 291372.8 0
287600.1 288082.6 0
299105.6 299059.9 0
291400.2 291723.9 0
259282.1 260159.0 0
205009.1 206721.7 0
151172.0 153155.7 0
108619.9 110556.1 0
75677.6 77598.6 0
55729.3 57550.3 0
30819.3 32639.5 0
15070.1 16749.7 0
-15913.4 -13817.9 0
-28423.8 -26579.6 0
-29892.2 -28295.8 0
7257.3 7810.7 0
56165.7 56212.3 0
102327.2 102123.0 0
125635.9 125829.4 0
140460.0 140640.5 0
168923.2 168717.0 0
218861.4 217813.9 0
281089.8 279531.1 0
316620.6 315261.7 0
325465.1 324571.3 0
302404.6 302295.0 0
293621.1 293509.3 0
282314.1 282266.6 0
282794.9 282451.4 0
259359.9 259462.4 0
223593.8 224030.2 0
171751.2 172819.4 0
120774.2 122094.1 0
76355.7 77719.0 0
44245.3 45467.1 0
32325.0 33205.8 0
22752.1 23429.6 0
16633.4 17309.8 0
-8039.5 -7027.7 0
-15732.1 -14998.5 0
-3761.5 -3503.0 0
49558.2 48896.1 0
102531.8 101523.8 0
143512.3 142405.5 0
158578.9 157884.0 0
175679.8 174878.7 0
210192.7 208881.0 0
260574.4 258619.2 0
310136.1 308027.1 0
326085.5 324421.4 0
322431.5 321284.9 0
297718.1 297007.5 0
281134.9 280426.1 0
260657.8 260128.2 0
247575.4 246985.8 0
216172.4 215891.9 0
183883.0 183803.5 0
131686.1 132243.7 0
79373.4 80181.8 0
34566.0 35342.8 0
12936.6 13229.6 0
14784.1 14775.0 0
16840.0 16661.7 0
13141.3 13028.1 0
-8856.9 -8627.1 0
-7457.3 -7546.3 0
20768.8 19984.3 0
85585.1 83857.7 0
135485.3 133581.2 0
171813.5 169934.4 0
185421.9 183865.8 0
211534.5 209706.1 0
246283.8 244212.5 0
286805.3 284485.3 0
318244.6 315901.4 0
325807.0 323722.2 0
320169.3 318439.5 0
289466.6 288197.1 0
260265.6 259236.3 0
226255.3 225386.1 0
210292.5 209192.2 0
183512.4 182667.7 0
153376.8 152715.4 0
97223.7 97204.3 0
41752.8 42121.8 0
-1445.5 -1059.4 0
-8351.1 -8667.8 0
6723.2 5832.8 0
12333.5 11421.0 0
6686.1 6090.7 0
-6341.0 -6854.5 0
11846.3 10749.6 0
51700.4 49965.3 0
115734.4 113267.7 0
159431.1 156934.5 0
195691.0 193142.7 0
213244.8 210917.0 0
238384.5 235890.5 0
260622.7 258149.9 0
288419.4 285596.1 0
307053.6 304252.8 0
312813.8 310151.7 0
298904.1 296810.2 0
258307.5 256923.0 0
218025.7 216822.9 0
177746.1 176715.5 0
162398.0 161057.2 0
138713.9 137468.6 0
104665.2 103738.5 0
41453.3 41498.0 0
-8887.6 -8841.2 0
-34305.7 -34648.1 0
-23616.7 -24891.2 0
-6894.2 -8438.5 0
162.9 -1236.0 0
-1017.8 -2203.6 0
3442.2 2103.7 0
34635.7 32816.6 0
77365.4 75003.5 0
135724.6 132802.7 0
179845.4 176819.6 0
218005.7 214968.1 0
234369.2 231625.7 0
252877.4 250069.6 0
261545.9 258826.4 0
279774.3 276839.5 0
295539.1 292557.4 0
296903.4 294126.9 0
268633.2 266542.4 0
213886.1 212489.1 0
164683.4 163641.5 0
129265.5 128009.2 0
118921.0 117220.7 0
93965.3 92440.9 0
55687.3 54663.6 0
-5765.0 -5985.0 0
-39350.8 -39768.8 0
-50169.2 -51058.1 0
-30975.8 -32627.0 0
-13640.9 -15428.5 0
-2034.6 -3853.5 0
8704.6 7022.8 0
25548.3 23479.1 0
59158.0 56652.2 0
99419.5 96593.4 0
155900.8 152514.9 0
203171.9 199609.9 0
245703.4 242026.1 0
252550.6 249504.3 0
255075.5 252262.9 0
253956.3 251192.5 0
272358.7 269100.9 0
282208.0 278983.5 0
270893.0 268029.0 0
225448.2 223636.3 0
164005.6 162872.8 0
119249.6 118026.1 0
91414.4 89803.8 0
80096.0 78334.3 0
50037.3 48593.3 0
10784.4 9654.6 0
-38798.4 -39523.0 0
-57884.0 -58809.4 0
-61902.2 -63219.2 0
-37875.0 -39879.2 0
-14638.8 -16819.2 0
11260.2 8861.4 0
31591.7 29185.8 0
53310.3 50823.2 0
85495.3 82773.7 0
126950.7 123805.6 0
186877.0 183029.6 0
236012.2 231951.8 0
267225.6 263387.8 0
258610.3 255523.3 0
249755.7 246891.2 0
247208.7 244264.5 0
268560.0 265077.4 0
266382.0 263163.3 0
240244.0 237614.5 0
182422.3 180716.9 0
125663.9 124247.7 0
85601.0 84136.2 0
56880.8 55166.3 0
40607.7 38828.8 0
8921.3 7476.9 0
-17904.7 -19269.0 0
-51108.2 -52216.0 0
-61825.8 -63201.9 0
-61064.7 -62751.3 0
-31585.1 -34035.2 0
2382.3 -237.8 0
44978.7 41901.5 0
68074.3 65212.4 0
86753.9 83927.2 0
111688.4 108645.5 0
158450.3 154722.1 0
219456.8 215199.5 0
259397.6 255121.4 0
275523.4 271717.6 0
254663.6 251696.9 0
244856.6 241985.8 0
242019.6 238913.2 0
252588.0 249185.8 0
236474.5 233608.6 0
200049.6 197576.3 0
141229.4 139555.4 0
90208.4 88711.9 0
49194.1 47699.3 0
21941.7 20197.2 0
3500.4 1633.4 0
-14870.6 -16691.7 0
-28944.6 -30644.8 0
-52959.4 -54472.0 0
-59225.0 -60942.0 0
-54721.3 -56762.3 0
-10400.4 -13342.1 0
39511.0 36191.0 0
84877.4 81357.5 0
102856.3 99827.8 0
121522.0 118428.5 0
151239.3 147953.6 0
203193.6 199099.7 0
256934.4 252358.8 0
283041.9 278876.0 0
281512.8 277997.8 0
256799.8 253805.0 0
248365.7 245207.9 0
236276.3 233213.2 0
233372.7 230123.2 0
203896.2 201061.8 0
166698.6 164326.5 0
112132.5 110368.5 0
62699.3 61215.0 0
19475.2 18029.6 0
-6234.5 -8022.9 0
-15115.6 -17106.3 0
-20459.3 -22594.9 0
-29596.0 -31508.9 0
-51168.0 -52874.0 0
-53881.2 -55913.7 0
-32856.0 -35504.0 0
27004.3 23334.9 0
78089.1 74177.4 0
121004.4 116999.5 0
133252.0 129886.3 0
155904.6 152408.3 0
191226.1 187314.9 0
238761.9 234194.5 0
279060.8 274464.5 0
289844.7 285702.6 0
278928.5 275376.6 0
254270.2 250963.8 0
233721.7 230600.4 0
207910.0 204941.1 0
191066.0 187937.8 0
160171.7 157395.8 0
129053.1 126584.7 0
73364.2 71574.7 0
21768.3 20183.6 0
-23353.3 -24781.6 0
-38477.5 -40537.3 0
-32266.7 -34796.5 0
-30638.4 -33154.7 0
-38418.7 -40596.1 0
-54556.3 -56580.6 0
-44055.5 -46478.8 0
-7580.8 -10674.0 0
57024.6 52957.0 0
107645.6 103469.6 0
141100.8 137005.3 0
153586.3 149775.9 0
178806.8 174757.7 0
210132.3 205891.0 0
249584.0 245030.9 0
272686.1 268208.9 0
277415.5 273309.4 0
266323.2 262741.7 0
234034.8 230913.5 0
201431.7 198565.2 0
164966.6 162284.8 0
146248.0 143335.9 0
118243.4 115558.5 0
86395.8 83999.6 0
24903.0 23250.9 0
-27336.2 -28784.6 0
-62303.2 -63846.3 0
-57840.7 -60258.6 0
-44360.5 -47079.0 0
-36414.8 -39125.7 0
-43866.2 -46291.3 0
-47812.9 -50246.4 0
-19831.3 -22859.4 0
24957.4 21269.5 0
88209.9 83956.3 0
130367.1 126215.0 0
167413.9 163209.4 0
183259.8 179320.0 0
206264.7 202135.9 0
225366.9 221322.0 0
250097.8 245775.7 0
263842.2 259568.6 0
268337.1 264225.1 0
246220.5 242731.6 0
201901.5 199111.7 0
156199.4 153703.3 0
118881.7 116415.0 0
107258.1 104375.0 0
81160.4 78530.0 0
42439.7 40314.2 0
-23099.3 -24423.2 0
-66092.6 -67479.1 0
-82460.1 -84318.1 0
-62596.9 -65385.0 0
-45611.5 -48488.6 0
-39735.6 -42462.8 0
-39935.1 -42436.3 0
-25055.4 -27910.1 0
10251.9 6908.9 0
56210.8 52337.6 0
113071.5 108647.7 0
156811.9 152366.8 0
198274.0 193821.5 0
211178.8 206980.3 0
226595.1 222517.3 0
231033.8 227184.0 0
254329.2 249999.5 0
269426.0 264919.8 0
265439.0 261343.8 0
225764.5 222619.8 0
167035.1 164580.5 0
119492.4 117073.7 0
93226.3 90445.7 0
83323.6 80414.4 0
54459.0 52017.0 0
11024.1 9068.0 0
-48447.6 -49821.0 0
-75232.6 -76936.9 0
-79842.3 -81975.9 0
-56293.1 -59183.9 0
-39082.7 -42059.8 0
-20257.2 -23309.1 0
-6358.2 -9405.1 0
17763.1 14363.0 0
51034.7 47229.4 0
94279.0 90175.6 0
149650.9 145106.0 0
197528.0 192813.5 0
232966.7 228329.8 0
232749.4 228809.6 0
229873.2 226158.0 0
226470.0 222776.1 0
247480.1 243215.7 0
250075.3 246021.4 0
230780.9 227152.1 0
174073.6 171441.6 0
114494.7 112283.2 0
72032.4 69717.8 0
50898.3 48309.0 0
35047.2 32319.0 0
2242.8 -83.8 0
-34863.7 -36880.4 0
-75877.3 -77669.9 0
-88663.5 -90767.0 0
-87929.1 -90298.0 0
-62551.9 -65513.3 0
-38843.2 -41960.0 0
-4220.3 -7739.9 0
17117.4 13815.1 0
41566.2 38045.5 0
70231.3 66592.7 0
116207.7 111817.2 0
176071.0 171195.6 0
220697.1 215941.4 0
240564.9 236360.1 0
225103.5 221392.0 0
214621.2 211068.4 0
213597.7 209886.6 0
231988.4 227764.1 0
224266.1 220474.0 0
190348.8 187236.3 0
126652.1 124426.0 0
74613.7 72573.3 0
35251.1 33228.1 0
11825.5 9447.4 0
-11028.5 -13352.8 0
-40865.1 -42839.8 0
-65854.2 -67836.1 0
-93483.6 -95374.5 0
-99232.2 -101391.5 0
-95178.0 -97576.0 0
-59803.9 -62921.2 0
-19238.5 -22817.0 0
23602.6 19832.8 0
43346.0 39840.7 0
65580.6 62031.3 0
94733.9 91075.0 0
149854.2 145305.4 0
206814.9 201889.2 0
242065.9 237279.2 0
244904.8 240819.1 0
221653.2 218271.4 0
212341.1 208801.2 0
206874.0 203242.8 0
211796.4 207995.8 0
186231.4 183009.7 0
145102.1 142388.2 0
84430.3 82388.6 0
37090.7 35127.8 0
-3121.5 -5030.4 0
-26245.4 -28349.6 0
-45332.9 -47478.7 0
-59723.9 -61966.3 0
-73124.2 -75181.1 0
-92721.1 -94535.7 0
-96781.8 -98915.0 0
-85167.2 -87657.4 0
-33881.0 -37304.9 0
18490.3 14586.3 0
64295.6 60259.4 0
76314.8 72863.9 0
94630.7 91134.5 0
131007.2 126936.0 0
190088.9 185216.2 0
237483.9 232671.4 0
255482.9 251042.6 0
246241.9 242274.5 0
222464.6 219101.1 0
208967.4 205668.2 0
192190.1 188976.8 0
181592.8 178333.0 0
146748.6 143961.1 0
107171.3 104571.1 0
51696.1 49861.2 0
3773.3 2101.9 0
-39162.0 -40655.9 0
-58988.7 -60906.4 0
-64951.4 -67238.7 0
-64037.4 -66555.0 0
-74985.1 -77098.1 0
-93614.4 -95502.3 0
-93662.9 -95878.9 0
-63385.5 -66326.6 0
803.9 -3026.8 0
50196.0 46158.5 0
87827.2 83858.5 0
94744.0 91399.4 0
118179.2 114609.6 0
153770.7 149910.9 0
203846.4 199280.2 0
233525.3 229052.7 0
239852.6 235824.8 0
226247.5 222807.0 0
201399.8 198365.2 0
176800.0 173885.7 0
147511.2 144641.6 0
128159.7 125304.3 0
97887.5 95262.3 0
65085.5 62776.4 0
6130.0 4502.6 0
-43722.9 -45100.2 0
-85126.1 -86495.7 0
-86923.3 -89071.0 0
-77944.2 -80466.2 0
-74300.2 -76759.7 0
-86589.7 -88672.0 0
-98524.6 -100340.4 0
-79527.8 -81849.1 0
-32540.6 -35843.8 0
33750.4 29686.6 0
79274.8 75295.9 0
111044.8 107233.4 0
123952.8 120530.9 0
153618.0 149777.3 0
182353.4 178465.9 0
219330.9 215062.4 0
236425.6 232381.5 0
239286.8 235409.0 0
218634.8 215476.2 0
182397.7 179733.5 0
144946.8 142567.1 0
111691.1 109368.0 0
92842.0 90279.7 0
66168.1 63739.1 0
29360.1 27462.9 0
-35515.2 -36634.0 0
-85079.4 -86239.3 0
-112039.2 -113374.1 0
-97341.8 -99630.2 0
-83790.3 -86205.3 0
-75985.3 -78420.5 0
-84109.1 -86032.6 0
-77062.7 -79331.8 0
-44777.9 -47687.2 0
6246.7 2657.3 0
66292.8 62412.1 0
106960.9 103135.4 0
140799.5 137080.6 0
155471.9 151882.7 0
178096.8 174369.3 0
191868.7 188275.8 0
215934.5 212024.6 0
227747.5 223841.7 0
227865.8 224248.5 0
195259.9 192467.9 0
150626.3 148414.6 0
102964.9 101045.8 0
72424.1 70242.5 0
59374.4 56894.7 0
31904.7 29745.2 0
-9008.1 -10618.3 0
-70815.7 -71741.1 0
-105508.4 -106549.0 0
-118490.7 -119978.5 0
-97338.5 -99493.7 0
-81015.7 -83261.7 0
-69033.4 -71270.6 0
-65824.1 -67946.9 0
-44054.7 -46535.2 0
-7094.0 -10081.4 0
43415.5 39778.2 0
96791.2 92950.8 0
140423.6 136425.5 0
175102.3 171096.8 0
184444.4 180836.3 0
193552.9 190024.7 0
194885.6 191446.1 0
216674.5 212927.6 0
224648.6 221011.7 0
214863.3 211593.0 0
165162.0 162862.5 0
109939.7 108107.4 0
64142.7 62425.8 0
41220.0 39167.6 0
27386.7 25258.7 0
-2352.6 -4152.6 0
-46678.4 -47891.7 0
-99330.7 -100232.9 0
-116709.9 -117964.2 0
-115529.7 -117171.0 0
-87148.1 -89445.2 0
-69846.6 -72234.6 0
-47044.8 -49704.2 0
-34216.5 -36713.3 0
-6356.2 -9200.3 0
27873.3 24807.3 0
77708.0 74064.5 0
132935.2 128916.5 0
178925.6 174826.6 0
204304.2 200681.1 0
199677.0 196514.8 0
194383.4 191362.1 0
191968.7 188865.3 0
212814.2 209179.6 0
209968.1 206666.3 0
187088.6 184413.4 0
123816.2 122153.6 0
67819.9 66393.4 0
27864.6 26321.3 0
11290.0 9233.7 0
-9508.8 -11341.0 0
-43607.2 -45034.7 0
-78316.9 -79462.8 0
-109259.9 -110315.3 0
-117282.2 -118639.7 0
-113646.0 -115367.6 0
-82964.1 -85242.5 0
-54888.2 -57425.6 0
-18557.2 -21513.5 0
-624.5 -3388.2 0
26277.8 23344.8 0
55898.1 52816.8 0
109247.9 105504.6 0
168412.2 164210.2 0
206587.6 202568.1 0
216606.9 213098.9 0
201035.9 198182.3 0
192580.8 189716.4 0
194761.1 191642.3 0
208098.3 204742.0 0
189895.7 187099.2 0
149314.9 147162.8 0
83951.4 82706.9 0
35871.0 34556.6 0
-1713.5 -3092.4 0
-19595.3 -21264.9 0
-41479.9 -42934.7 0
-65141.8 -66558.0 0
-87550.0 -88878.2 0
-109627.6 -110815.8 0
-113624.9 -115027.9 0
-104160.9 -105952.3 0
-64059.8 -66619.8 0
-18551.9 -21559.1 0
24906.8 21668.4 0
39676.6 37011.7 0
61421.6 58679.7 0
93915.7 90850.4 0
156357.6 152341.0 0
209386.4 205153.1 0
236874.5 232913.8 0
229331.6 226159.5 0
205341.2 202584.0 0
194167.2 191396.4 0
189815.4 186924.8 0
188253.1 185262.1 0
157317.4 155014.1 0
116728.8 114873.4 0
57427.3 56133.3 0
11386.3 10089.3 0
-30875.6 -32052.6 0
-49947.5 -51502.1 0
-65260.5 -66805.1 0
-74187.8 -75809.5 0
-90122.5 -91493.9 0
-108396.2 -109564.2 0
-108152.2 -109678.7 0
-83439.9 -85620.5 0
-25197.8 -28312.4 0
26449.0 23105.2 0
64539.3 61262.4 0
72941.1 70159.2 0
95364.4 92306.5 0
134458.7 130920.1 0
195295.0 191055.4 0
233619.0 229615.6 0
243674.6 240144.6 0
221196.2 218362.3 0
199209.7 196582.1 0
184335.5 181620.3 0
168737.7 166094.2 0
153540.5 151071.7 0
117830.2 115798.7 0
79107.3 77397.8 0
18710.6 17617.7 0
-28448.8 -29503.0 0
-71503.1 -72521.7 0
-80547.6 -82095.4 0
-82867.8 -84589.8 0
-80510.1 -82368.7 0
-93870.2 -95390.6 0
-107431.0 -108694.0 0
-98025.4 -99806.0 0
-55999.8 -58646.5 0
8293.9 4957.8 0
57230.8 53844.1 0
88847.3 85696.5 0
99214.4 96261.2 0
129969.2 126721.9 0
165975.2 162384.4 0
214681.6 210719.7 0
234073.1 230473.7 0
235042.7 231728.3 0
213453.8 210797.4 0
187874.4 185464.2 0
159456.3 157287.5 0
129962.9 127949.8 0
108389.6 106330.0 0
79099.1 77219.2 0
44467.4 42891.5 0
-14976.2 -16011.6 0
-64855.8 -65663.5 0
-99925.7 -100762.8 0
-91254.1 -92834.3 0
-79531.1 -81438.9 0
-71929.9 -73859.0 0
-85626.8 -87135.1 0
-87678.0 -89289.3 0
-62278.8 -64557.6 0
-9245.6 -12316.1 0
50611.7 47054.1 0
88779.8 85382.9 0
115163.4 111998.3 0
130852.3 127792.8 0
158615.4 155286.1 0
184106.6 180604.5 0
216920.9 213107.4 0
225787.9 222309.3 0
226505.2 223314.0 0
197198.3 194673.6 0
160675.2 158468.6 0
118968.9 117063.7 0
90002.1 87973.3 0
72418.5 70364.4 0
44398.1 42647.3 0
3301.6 1898.5 0
-60533.1 -61145.5 0
-103637.4 -104275.1 0
-119088.8 -120127.2 0
-96198.2 -98125.2 0
-81504.1 -83409.0 0
-72822.8 -74775.9 0
-81265.3 -82833.3 0
-66259.5 -68206.6 0
-32017.2 -34569.3 0
22475.1 19169.9 0
76842.6 73308.1 0
116245.2 112604.0 0
146420.2 142970.7 0
163500.8 160181.7 0
181085.7 177744.8 0
189540.6 186298.7 0
210859.7 207454.0 0
219733.6 216387.7 0
216072.8 213031.0 0
171927.9 169814.3 0
123770.9 122106.2 0
76333.5 74828.6 0
55812.0 53874.4 0
41426.6 39264.0 0
11714.2 10063.4 0
-36686.4 -37539.1 0
-95187.7 -95548.4 0
-120680.4 -121476.6 0
-121640.0 -123182.9 0
-93136.7 -95313.6 0
-76101.8 -78249.6 0
-60967.6 -63028.0 0
-55421.7 -57405.2 0
-26258.0 -28610.5 0
10392.7 7717.8 0
63576.6 60199.1 0
114817.1 111222.7 0
159001.0 155293.7 0
188424.3 184843.3 0
195263.8 192173.4 0
198078.2 195102.3 0
197418.7 194493.6 0
217618.3 214344.2 0
219414.4 216286.6 0
202790.2 200096.3 0
144027.6 142449.4 0
87196.9 86016.5 0
43508.9 42211.0 0
29558.3 27749.3 0
11431.7 9660.5 0
-22987.5 -24370.6 0
-69373.6 -70072.1 0
-110564.5 -111264.4 0
-122363.5 -123367.8 0
-115304.4 -116782.7 0
-85115.4 -87085.2 0
-65110.7 -67194.1 0
-36576.8 -38873.7 0
-18594.8 -20880.6 0
9857.6 7340.2 0
43733.2 40907.6 0
94391.6 91050.5 0
146234.3 142449.2 0
190526.9 186566.5 0
205071.2 201720.3 0
197787.9 194848.2 0
191812.1 188962.5 0
194069.3 191062.5 0
211532.8 208182.4 0
203114.9 200232.8 0
169769.7 167460.0 0
100803.6 99459.4 0
47048.2 45924.8 0
9951.5 8609.0 0
-2778.5 -4563.7 0
-25632.3 -27195.1 0
-57667.8 -58948.0 0
-92950.5 -93930.7 0
-115733.0 -116781.7 0
-118722.3 -120109.8 0
-107053.7 -108891.3 0
-73004.4 -75396.0 0
-37341.7 -40045.7 0
2480.7 -478.8 0
21611.1 18757.9 0
48095.3 45193.3 0
77154.5 74122.4 0
134481.4 130704.4 0
189183.5 185067.8 0
224156.0 220185.4 0
223137.4 219934.4 0
202983.4 200326.8 0
190559.7 187791.6 0
192411.9 189252.9 0
199196.8 196016.0 0
173798.6 171213.0 0
128778.9 126915.6 0
61903.6 60761.9 0
17707.8 16488.5 0
-17936.6 -19161.5 0
-33948.8 -35482.1 0
-58071.6 -59441.9 0
-76401.1 -77706.3 0
-99009.6 -100112.6 0
-113537.9 -114753.3 0
-112816.8 -114188.4 0
-94500.7 -96448.9 0
-49391.9 -52064.1 0
-2491.3 -5573.5 0
38004.1 34894.6 0
51591.4 48855.7 0
75591.2 72752.3 0
111437.4 108192.4 0
175436.0 171386.0 0
223213.0 219150.3 0
243996.2 240133.8 0
225279.1 222338.3 0
205484.5 202796.1 0
195867.8 193070.8 0
190871.3 188036.1 0
179604.5 176824.6 0
144138.3 142008.0 0
100246.2 98559.2 0
42636.6 41442.1 0
-1314.5 -2433.2 0
-40237.1 -41383.1 0
-55105.2 -56600.9 0
-67248.0 -68925.6 0
-70678.5 -72566.2 0
-86027.4 -87560.3 0
-96485.2 -97978.2 0
-94876.1 -96540.6 0
-61018.3 -63493.1 0
-1684.1 -4970.6 0
48282.8 44922.3 0
83202.9 79935.3 0
92218.6 89313.0 0
117288.8 114103.1 0
156643.9 153017.1 0
213215.2 208926.2 0
242272.3 238254.4 0
247681.8 244159.7 0
223773.9 221071.8 0
201656.1 199031.9 0
180403.8 177816.5 0
163588.2 160984.7 0
142392.7 139926.9 0
108985.6 106872.0 0
69195.7 67404.7 0
8845.4 7661.6 0
-39533.7 -40533.7 0
-78694.3 -79650.0 0
-80810.3 -82450.2 0
-76730.1 -78718.6 0
-67482.9 -69579.2 0
-82027.6 -83469.1 0
-90212.2 -91736.6 0
-76301.4 -78350.4 0
-26799.4 -29811.3 0
33600.5 29996.5 0
79518.0 75912.2 0
107954.5 104673.0 0
121292.4 118259.1 0
150012.5 146583.3 0
184127.4 180311.5 0
227076.4 222913.1 0
240319.9 236586.7 0
239712.5 236275.0 0
212033.7 209136.6 0
183948.4 181364.3 0
149229.8 147040.6 0
123287.4 121034.6 0
98749.4 96439.3 0
70357.5 68196.2 0
27372.1 25811.1 0
-33089.9 -34065.6 0
-79328.3 -80240.1 0
-104814.8 -106083.7 0
-87109.0 -89241.8 0
-74236.7 -76440.6 0
-67287.4 -69481.6 0
-82963.4 -84704.6 0
-76528.2 -78474.2 0
-42942.8 -45548.4 0
17102.3 13578.8 0
76267.7 72458.6 0
116865.6 113087.1 0
142456.1 138940.5 0
160856.5 157412.7 0
186228.9 182704.9 0
207343.9 203778.2 0
234397.5 230601.6 0
239342.1 235766.0 0
234324.5 230838.8 0
197026.8 194346.3 0
155566.5 153341.1 0
111127.4 109169.7 0
86655.1 84430.4 0
67437.1 65251.0 0
38095.7 36069.2 0
-11829.4 -13021.8 0
-71589.1 -72459.1 0
-106256.2 -107167.0 0
-113682.4 -115143.3 0
-87907.1 -90139.7 0
-72670.8 -74999.3 0
-64409.5 -66597.0 0
-70605.2 -72448.3 0
-45611.0 -48082.3 0
-6468.5 -9575.3 0
56364.3 52494.7 0
108605.1 104746.7 0
147444.2 143638.5 0
173322.1 169668.9 0
187637.3 184070.2 0
200068.9 196650.6 0
207122.0 203807.6 0
227683.0 224075.8 0
231194.0 227740.6 0
219512.6 216323.3 0
168199.3 165984.4 0
117826.7 115911.5 0
73598.4 71839.8 0
59573.2 57418.9 0
40953.2 38831.2 0
8537.4 6770.0 0
-45287.0 -46319.7 0
-93410.9 -94350.4 0
-111564.8 -112844.3 0
-105421.8 -107272.7 0
-77744.1 -80138.4 0
-63796.8 -66190.6 0
-46244.0 -48658.3 0
-36219.3 -38496.0 0
-5347.6 -8316.0 0
32125.0 28887.0 0
89663.9 85859.7 0
137411.5 133485.8 0
182083.8 178068.2 0
202046.0 198425.3 0
205523.7 202114.5 0
202804.8 199611.9 0
204182.4 200845.3 0
222980.5 219266.1 0
219961.6 216505.0 0
193689.7 190782.1 0
131195.7 129217.1 0
78533.0 76779.2 0
39737.4 37906.2 0
27412.5 25139.0 0
2747.8 820.7 0
-31521.0 -33089.6 0
-78582.9 -79594.3 0
-109742.9 -110910.4 0
-114625.6 -116259.2 0
-102375.9 -104520.0 0
-74396.2 -77037.8 0
-50259.4 -52997.6 0
-17503.9 -20448.6 0
63.4 -2666.4 0
29997.7 26995.8 0
62230.8 59019.2 0
119801.5 115779.6 0
171215.2 166994.2 0
211355.1 207188.1 0
215038.8 211478.2 0
203760.2 200555.6 0
194721.4 191602.1 0
199444.5 196016.0 0
209499.8 205991.6 0
192398.9 189387.4 0
148589.3 146303.0 0
79705.7 78187.2 0
33455.2 31944.4 0
-508.9 -2190.8 0
-15162.9 -17157.6 0
-43273.6 -44962.2 0
-72445.6 -73977.5 0
-105387.6 -106546.8 0
-119173.5 -120557.8 0
-119693.5 -121257.3 0
-100030.4 -102331.0 0
-62916.2 -65674.7 0
-21516.3 -24744.4 0
16651.7 13391.3 0
33172.2 30210.6 0
57672.5 54480.7 0
92054.3 88543.2 0
155314.4 151085.3 0
205468.2 201071.7 0
233383.2 229148.5 0
219602.3 216242.9 0
199582.6 196552.7 0
189479.2 186426.6 0
194195.4 190899.7 0
194901.9 191548.6 0
165239.7 162401.6 0
117166.2 115031.4 0
53976.5 52488.5 0
11007.3 9387.1 0
-24819.7 -26393.2 0
-38937.4 -40791.6 0
-59003.2 -60712.6 0
-70524.0 -72315.6 0
-92248.8 -93763.7 0
-101219.4 -102963.8 0
-99530.0 -101455.8 0
-70720.8 -73408.9 0
-21104.1 -24323.3 0
29367.6 25768.5 0
63771.2 60363.4 0
75011.2 71943.0 0
99062.1 95695.6 0
139684.7 135853.0 0
202032.1 197561.1 0
235002.5 230676.4 0
244398.4 240497.0 0
219540.1 216490.7 0
202173.2 199113.4 0
189025.6 186045.0 0
186296.9 183043.4 0
168537.9 165647.5 0
130095.5 127730.6 0
82637.7 80852.4 0
26331.2 24904.7 0
-15983.8 -17477.8 0
-52292.3 -53745.7 0
-62262.2 -64106.6 0
-67976.1 -69973.7 0
-67172.5 -69219.0 0
-85837.4 -87563.1 0
-93714.7 -95520.2 0
-85180.7 -87277.8 0
-37928.5 -40902.0 0
19873.2 16440.1 0
66579.6 62867.8 0
92974.0 89436.1 0
102745.0 99338.3 0
132814.0 129009.3 0
174413.4 170195.0 0
225940.9 221325.7 0
249366.8 245026.6 0
248081.6 244311.3 0
218810.7 215856.2 0
198163.5 195329.4 0
174283.0 171569.2 0
157526.1 154632.9 0
131875.6 129282.2 0
96938.1 94573.3 0
51966.8 50027.4 0
-5271.9 -6792.0 0
-52408.8 -53733.7 0
-84993.2 -86464.0 0
-78518.8 -80619.2 0
-71188.2 -73640.5 0
-65519.2 -67930.9 0
-82965.8 -84793.4 0
-85014.7 -87070.3 0
-61866.1 -64430.6 0
-1250.8 -4893.7 0
56047.4 52139.5 0
97310.6 93488.3 0
116870.5 113282.3 0
133677.5 130098.4 0
166335.3 162483.2 0
199341.1 195207.0 0
234383.6 230013.3 0
240088.1 236203.5 0
235091.9 231440.8 0
202827.2 199775.5 0
171153.1 168409.6 0
133241.6 130808.4 0
111020.4 108368.0 0
84737.0 82327.7 0
56837.6 54582.4 0
8187.7 6562.6 0
-50331.5 -51485.2 0
-92561.8 -93758.5 0
-106001.5 -107738.3 0
-85195.0 -87739.0 0
-71275.8 -73868.2 0
-65690.1 -68006.7 0
-76847.2 -78897.6 0
-59019.0 -61657.7 0
-22746.7 -25957.4 0
41761.7 37731.6 0
92412.3 88314.5 0
129744.5 125554.8 0
152040.2 148269.6 0
172223.4 168401.9 0
195179.5 191268.5 0
215038.7 211003.8 0
235309.6 231195.0 0
238920.5 235069.6 0
229875.4 226361.3 0
186490.7 183799.3 0
142243.2 139841.3 0
96460.6 94338.2 0
79221.5 76639.2 0
58951.2 56412.9 0
31024.9 28672.9 0
-21510.8 -23080.6 0
-77419.2 -78656.4 0
-104166.9 -105684.5 0
-97256.7 -99460.6 0
-69475.0 -72160.2 0
-55732.0 -58353.6 0
-48771.6 -51188.7 0
-49327.5 -51771.9 0
-20240.6 -23181.8 0
21652.9 18135.1 0
84561.3 80285.3 0
130170.5 125856.4 0
170141.8 165718.7 0
190496.9 186472.2 0
201065.5 197132.2 0
209531.0 205691.5 0
218761.4 214917.0 0
234750.7 230778.0 0
235765.5 231908.9 0
107994.1 105895.5 0
64520.4 62466.4 0
55240.3 52608.3 0
35002.5 32551.1 0
2215.6 144.8 0
-55013.1 -56299.3 0
-95542.6 -96874.1 0
-104208.0 -106056.9 0
-86041.3 -88698.2 0
-61164.7 -63936.1 0
-45288.8 -48222.1 0
-26182.2 -29090.7 0
-10526.9 -13617.4 0
24493.8 20948.2 0
64333.3 60501.9 0
120372.5 116013.6 0
164614.3 160174.4 0
207670.9 202991.5 0
220278.9 216159.8 0
218416.1 214664.3 0
212580.3 208804.4 0
220467.6 216414.5 0
234716.2 230546.0 0
224764.8 220977.4 0
187650.8 184727.8 0
122085.5 119988.7 0
70138.7 68082.5 0
34198.6 31924.8 0
25843.6 23145.6 0
911.7 -1477.5 0
-33001.4 -35125.1 0
-80042.4 -81565.6 0
-103653.4 -105492.8 0
-102556.7 -104868.0 0
-79118.0 -81970.0 0
-48920.3 -52106.5 0
-20654.5 -24005.9 0
12582.1 9025.0 0
34151.2 30675.5 0
67051.1 63307.4 0
100902.7 96860.6 0
156669.3 152082.1 0
205324.4 200642.3 0
239999.3 235276.0 0
234634.1 230768.5 0
219429.0 215806.2 0
206307.7 202768.9 0
213747.4 209814.7 0
218168.4 214208.7 0
195643.6 192203.0 0
145466.9 142746.8 0
78647.9 76619.4 0
37046.7 34898.1 0
6138.5 3932.3 0
-4112.5 -6736.4 0
-30994.9 -33286.3 0
-56679.0 -58823.0 0
-87267.9 -89256.0 0
-96526.3 -98820.9 0
-92626.0 -95224.7 0
-65799.9 -69068.5 0
-25789.6 -29544.2 0
19306.8 15252.1 0
53958.1 50104.8 0
70234.6 66521.0 0
95530.1 91732.4 0
132962.0 128636.5 0
194440.2 189432.8 0
235261.6 230220.3 0
253919.7 249283.9 0
231429.2 227659.1 0
212756.2 209144.9 0
205093.5 201320.6 0
208452.2 204426.7 0
194302.8 190608.2 0
156691.7 153674.5 0
102779.5 100373.0 0
45951.2 43898.0 0
4489.8 2332.8 0
-27525.7 -29810.2 0
-41721.0 -44109.8 0
-57033.0 -59499.7 0
-62397.6 -64971.1 0
-83991.8 -86258.9 0
-88238.7 -90702.8 0
-82187.1 -84901.9 0
-41561.0 -45186.3 0
13609.5 9375.7 0
62499.5 58094.9 0
89037.4 84958.9 0
101243.0 97522.4 0
127642.4 123596.4 0
171455.3 166834.1 0
229375.3 224146.1 0
257354.3 252395.0 0
262684.1 258205.4 0
232460.0 228816.1 0
214371.2 210804.2 0
195291.4 191693.8 0
187662.0 183818.4 0
161740.5 158298.7 0
122767.6 119662.2 0
72887.4 70342.7 0
20236.8 18027.9 0
-22791.7 -24765.5 0
-56404.9 -58653.4 0
-62105.3 -64920.1 0
-64243.2 -67148.5 0
-61816.8 -64727.6 0
-77888.7 -80398.1 0
-77367.3 -80141.9 0
-62608.3 -65792.5 0
-8810.4 -12852.4 0
48257.5 43843.5 0
94089.7 89636.2 0
112563.8 108581.2 0
128060.7 123977.0 0
161359.5 156922.1 0
203450.2 198487.0 0
247923.0 242610.6 0
260847.2 256006.5 0
254743.9 250279.4 0
224795.5 220839.0 0
198605.3 194994.7 0
166902.1 163666.4 0
148834.9 145379.8 0
118056.6 114863.7 0
85510.9 82485.3 0
35084.9 32533.7 0
-18465.8 -20622.0 0
-62354.5 -64410.0 0
-81383.9 -83838.3 0
-70295.5 -73249.2 0
-64029.1 -67164.0 0
-61725.8 -64793.0 0
-77989.4 -80637.7 0
-68446.8 -71308.3 0
-34211.7 -37679.0 0
35918.4 31304.2 0
91013.2 86145.7 0
129040.5 124248.8 0
142853.4 138579.5 0
162355.9 157993.7 0
193840.0 189121.3 0
227385.5 222303.7 0
252737.9 247738.4 0
252659.4 248059.8 0
244914.4 240581.8 0
208822.0 205123.3 0
173866.0 170475.5 0
131653.8 128538.1 0
109791.0 106455.5 0
85234.6 81944.6 0
57151.6 53988.8 0
3331.9 1012.2 0
-50604.7 -52601.3 0
-86033.2 -88153.3 0
-88839.3 -91527.5 0
-68211.7 -71365.2 0
-56277.2 -59565.8 0
-53299.3 -56371.5 0
-60777.4 -63687.8 0
-35612.8 -39158.4 0
6606.1 2538.4 0
71376.0 66621.3 0
119744.9 114800.6 0
157606.9 152645.5 0
174720.7 170210.6 0
195652.6 191013.9 0
212857.1 208138.0 0
230651.3 225889.1 0
243908.8 239220.7 0
243738.2 239050.1 0
229607.8 225425.5 0
181687.9 178257.6 0
131547.6 128539.1 0
84518.9 81680.4 0
71386.8 68061.6 0
49217.8 45972.2 0
16135.6 13121.2 0
-43182.3 -45152.2 0
-89990.1 -91940.3 0
-109006.7 -111394.7 0
-95828.7 -98894.1 0
-72236.0 -75773.6 0
-57639.5 -61158.8 0
-48506.0 -51792.0 0
-38667.0 -42047.6 0
-3073.4 -7007.2 0
41735.2 37337.1 0
103685.1 98677.8 0
146203.0 141184.0 0
185450.1 180432.8 0
198765.2 194225.4 0
209053.9 204477.6 0
210383.3 205978.6 0
220611.4 215927.2 0
235188.0 230485.6 0
230165.0 225738.1 0
197028.0 193323.7 0
135492.0 132619.5 0
83116.3 80448.3 0
42776.9 40025.9 0
31704.6 28496.4 0
6301.2 3232.9 0
-29446.0 -32061.7 0
-85666.1 -87613.8 0
-114813.3 -116935.2 0
-120662.2 -123238.4 0
-97609.5 -100965.4 0
-71162.7 -74808.4 0
-52997.4 -56501.1 0
-31611.9 -35248.5 0
-9988.2 -13613.4 0
22945.8 19041.3 0
62083.7 57779.7 0
119831.2 114968.8 0
169283.3 164286.6 0
209082.5 204040.5 0
211438.6 207003.0 0
205251.5 201284.7 0
197493.9 193646.6 0
210010.7 205557.8 0
218734.9 214269.7 0
203977.2 199884.6 0
155718.5 152560.1 0
90175.5 87731.7 0
43277.0 40738.4 0
14198.2 11476.4 0
3063.6 69.7 0
-24613.2 -27346.2 0
-57484.8 -59917.8 0
-99430.4 -101413.2 0
-114809.2 -117121.7 0
-112977.6 -115703.8 0
-86573.2 -89952.3 0
-56588.0 -60139.4 0
-21032.7 -24840.7 0
8198.3 4451.4 0
27525.5 23727.6 0
56157.5 52167.0 0
92164.4 87834.1 0
151522.5 146579.9 0
199164.1 194119.6 0
227542.8 222665.5 0
216664.2 212544.1 0
201959.0 198046.1 0
190531.8 186607.1 0
200705.9 196320.1 0
193472.4 189460.9 0
161036.3 157609.7 0
102088.2 99434.7 0
43876.9 41530.0 0
5574.2 3173.8 0
-24067.6 -26518.2 0
-41161.8 -43876.3 0
-66785.1 -69304.5 0
-87717.6 -90145.8 0
-115291.4 -117474.1 0
-122066.5 -124513.1 0
-114275.2 -116914.8 0
-80885.6 -84246.8 0
-38140.4 -41939.1 0
8484.4 4362.7 0
36726.4 32805.1 0
53936.0 50171.5 0
78740.5 74816.2 0
120589.4 116093.4 0
182188.8 177121.9 0
219680.8 214722.7 0
232476.6 228024.1 0
204697.6 201126.1 0
184630.3 181098.6 0
173672.7 169953.5 0
176798.9 172922.1 0
159131.7 155590.8 0
121453.7 118487.1 0
65082.8 62860.4 0
11923.6 9965.5 0
-27791.5 -29795.2 0
-57004.5 -59241.4 0
-72866.6 -75280.0 0
-88107.9 -90447.2 0
-94440.9 -96808.4 0
-115712.5 -117755.7 0
-115232.4 -117718.4 0
-105980.3 -108633.3 0
-57659.4 -61137.3 0
-1122.7 -5247.6 0
46633.7 42324.6 0
65538.6 61699.1 0
81626.0 77834.4 0
112757.3 108645.1 0
162099.1 157287.8 0
213936.9 208847.9 0
232693.5 228103.2 0
225794.5 221703.0 0
193441.1 189991.1 0
171517.6 168210.5 0
153372.1 149976.8 0
145293.9 141838.1 0
112300.4 109398.0 0
75192.7 72443.9 0
24452.3 22387.5 0
-22944.0 -24773.1 0
-65506.4 -67273.6 0
-89660.5 -91659.3 0
-92464.0 -94837.0 0
-88928.8 -91524.3 0
-86600.4 -89120.5 0
-100453.2 -102740.6 0
-97704.7 -100174.2 0
-74742.9 -77685.1 0
-9558.6 -13404.0 0
45949.1 41797.5 0
88993.3 84822.9 0
101149.4 97378.2 0
118827.7 114942.7 0
151125.1 146921.8 0
194502.8 189784.1 0
229464.9 224697.2 0
233629.7 229392.2 0
222150.5 218366.0 0
192682.6 189288.1 0
168180.0 165012.9 0
136751.5 133809.1 0
118212.2 115207.2 0
86721.2 84002.3 0
54794.3 52183.2 0
557.0 -1316.4 0
-49858.1 -51585.9 0
-90675.3 -92336.8 0
-99103.7 -101232.8 0
-84427.3 -87048.2 0
-73317.3 -76074.6 0
-72585.8 -75072.1 0
-85379.6 -87605.3 0
-72265.9 -74999.8 0
-32796.3 -36256.9 0
38094.1 33758.7 0
90463.4 86091.9 0
126189.9 121938.6 0
139436.4 135654.1 0
163607.3 159528.2 0
189537.3 185225.8 0
219046.7 214524.0 0
235813.9 231422.5 0
234346.3 230298.6 0
218203.1 214634.0 0
182078.8 178923.8 0
145755.4 142917.0 0
105036.0 102315.3 0
88598.5 85577.2 0
65428.1 62614.7 0
34964.1 32305.4 0
-21840.8 -23693.9 0
-72565.2 -74046.7 0
-103795.3 -105560.3 0
-93461.2 -96126.0 0
-71743.5 -74718.4 0
-58328.6 -61182.5 0
-58434.5 -61120.9 0
-59562.5 -62232.0 0
-27541.9 -30813.2 0
19609.4 15599.3 0
85304.2 80719.2 0
128489.4 124036.6 0
162814.7 158382.3 0
177650.7 173544.7 0
195780.0 191656.5 0
207851.8 203746.1 0
227887.9 223578.3 0
239498.1 235268.1 0
236662.9 232609.4 0
211032.0 207530.8 0
160280.6 157485.5 0
110483.4 107988.1 0
70051.3 67652.7 0
58481.7 55627.6 0
35961.3 33135.7 0
4243.1 1818.9 0
-57712.9 -59271.7 0
-94900.3 -96591.0 0
-108035.8 -110154.4 0
-85081.5 -88111.7 0
-58812.7 -62060.6 0
-43981.9 -47201.3 0
-35895.4 -39007.2 0
-20778.5 -23982.6 0
16530.8 12767.5 0
63402.6 59249.3 0
121900.8 117218.5 0
166187.8 161368.7 0
206046.1 201246.0 0
214333.8 210082.2 0
220356.5 216229.1 0
217263.7 213287.5 0
230390.0 226026.5 0
238691.8 234376.8 0
229132.5 225085.7 0
188437.2 185262.6 0
126910.9 124432.8 0
76651.2 74415.5 0
45991.9 43377.8 0
35443.9 32501.1 0
10153.6 7458.1 0
-28154.7 -30416.3 0
-80330.9 -82038.0 0
-98145.1 -100345.8 0
-97035.0 -99610.8 0
-65835.2 -69145.2 0
-40505.3 -43870.1 0
-15500.0 -18936.7 0
5847.7 2313.4 0
33187.3 29405.7 0
68213.8 64163.1 0
108420.8 103999.5 0
164781.2 159894.2 0
208646.7 203630.4 0
241993.6 237084.7 0
237911.1 233668.5 0
228338.4 224400.1 0
219198.3 215304.6 0
232384.5 227995.2 0
232777.6 228568.9 0
210339.6 206531.9 0
154733.4 151966.0 0
93953.5 91560.5 0
51348.2 48897.6 0
27197.3 24375.0 0
13798.0 10723.7 0
-18106.3 -20852.8 0
-49980.7 -52414.6 0
-85009.8 -87184.7 0
-94342.8 -96792.1 0
-89918.0 -92635.4 0
-55747.8 -59247.6 0
-23901.4 -27674.9 0
15994.9 11945.4 0
42383.7 38489.2 0
68372.0 64281.3 0
99276.1 95016.3 0
143486.3 138710.8 0
202769.0 197503.2 0
243902.1 238548.7 0
261402.7 256464.7 0
241863.9 237673.0 0
225066.7 221097.2 0
216824.0 212826.3 0
229621.1 225201.8 0
216763.5 212609.2 0
180717.2 177070.1 0
116444.1 113688.8 0
63596.5 61051.9 0
26811.4 24135.5 0
3764.4 904.7 0
-12756.2 -15692.2 0
-35318.0 -38108.7 0
-51986.5 -54757.2 0
-73410.6 -75982.3 0
-76549.7 -79473.2 0
-69446.9 -72701.5 0
-28961.5 -32893.8 0
15562.2 11242.3 0
62927.7 58229.0 0
85348.6 81009.1 0
105197.6 100832.7 0
133537.4 128883.4 0
181583.4 176403.8 0
235455.5 229920.4 0
265459.0 260098.3 0
264694.6 259929.7 0
236950.0 232857.7 0
221157.3 217004.8 0
207943.4 203783.3 0
207438.3 203143.5 0
180593.3 176772.0 0
141178.2 137763.0 0
81459.0 78593.7 0
31303.1 28516.7 0
-8442.5 -11071.6 0
-32068.6 -35071.1 0
-43554.3 -46799.1 0
-48659.7 -51899.5 0
-54298.3 -57380.7 0
-71716.7 -74617.6 0
-72418.1 -75555.2 0
-54866.4 -58490.1 0
5082.2 296.2 0
59469.2 54432.8 0
104281.5 99176.3 0
118465.3 113985.7 0
136158.4 131633.5 0
167022.8 162070.3 0
217043.9 211385.0 0
256890.2 251238.8 0
265443.2 260199.4 0
251973.1 247377.9 0
224469.2 220252.1 0
205846.3 201733.1 0
184677.1 180596.9 0
172563.5 168248.7 0
140562.3 136768.5 0
103151.7 99705.8 0
46159.0 43309.7 0
-3063.7 -5818.4 0
-43720.1 -46431.8 0
-55447.7 -58687.4 0
-52551.7 -56085.0 0
-48434.1 -52079.2 0
-52134.7 -55508.3 0
-65686.3 -68901.3 0
-57628.0 -61205.6 0
-23817.3 -28066.6 0
44165.8 39101.0 0
97026.8 91796.4 0
135763.5 130545.2 0
144442.9 139814.0 0
168390.0 163406.4 0
199885.0 194579.3 0
241381.9 235575.8 0
266095.7 260537.9 0
266189.2 261072.1 0
246876.9 242235.3 0
213972.0 209712.9 0
184437.4 180329.8 0
150989.7 147055.1 0
130766.3 126761.7 0
97925.2 94102.1 0
65302.7 61693.0 0
9124.2 6275.3 0
-39890.9 -42589.1 0
-74670.1 -77354.5 0
-72040.5 -75512.1 0
-53738.7 -57821.6 0
-42224.9 -46206.7 0
-43367.8 -47085.9 0
-50856.3 -54426.1 0
-31414.4 -35556.1 0
14622.4 9629.1 0
83900.4 78241.7 0
130092.9 124543.7 0
162867.9 157487.1 0
174016.7 169010.7 0
199496.3 194211.1 0
220985.9 215605.9 0
251643.4 245832.0 0
261650.4 256215.7 0
259590.7 254521.6 0
237219.7 232768.6 0
197904.4 193737.7 0
157415.7 153376.9 0
120917.6 117138.3 0
104585.8 100538.2 0
79720.3 75827.1 0
47002.2 43354.1 0
-13757.3 -16616.7 0
-56871.1 -59721.2 0
-76457.5 -79646.8 0
-54779.8 -58907.1 0
-35034.1 -39401.7 0
-22419.8 -26747.7 0
-23872.9 -27765.5 0
-17564.4 -21560.8 0
17176.8 12488.3 0
66243.4 60815.8 0
125634.8 119762.1 0
166399.5 160554.5 0
201092.5 195324.3 0
212682.6 207247.8 0
227186.6 221732.6 0
232293.4 226954.3 0
248005.5 242350.9 0
253197.0 247631.8 0
246119.2 240820.4 0
208899.1 204414.7 0
156725.7 152865.8 0
107579.3 103880.4 0
77544.6 73571.3 0
71588.4 67258.0 0
47385.9 43390.3 0
9273.2 5629.2 0
-50756.5 -53714.1 0
-81391.2 -84488.8 0
-84351.1 -87962.6 0
-55066.5 -59522.4 0
-32946.7 -37429.3 0
-15651.0 -20201.5 0
-1776.2 -6336.6 0
24329.5 19370.9 0
63898.2 58497.6 0
112251.5 106506.5 0
164302.9 158356.0 0
204958.4 198904.3 0
237415.2 231416.7 0
239550.5 234015.1 0
239688.0 234328.2 0
232979.7 227789.2 0
247839.5 242208.6 0
250432.4 244839.9 0
231820.7 226616.1 0
175618.6 171499.1 0
112185.6 108437.7 0
66256.8 62642.6 0
43646.6 39601.1 0
31906.0 27701.5 0
921.5 -3026.3 0
-38587.2 -41966.4 0
-83261.2 -86378.5 0
-93366.3 -96944.6 0
-86354.0 -90437.4 0
-53810.3 -58510.3 0
-31099.1 -35850.5 0
-3078.5 -7960.3 0
17964.0 13121.7 0
47542.4 42420.0 0
82349.5 77006.1 0
128273.3 122420.9 0
185862.3 179533.6 0
229898.6 223503.6 0
254702.1 248570.3 0
243635.5 238185.4 0
231634.2 226393.7 0
221424.7 216070.7 0
237832.1 232016.0 0
231170.3 225651.6 0
202775.9 197818.3 0
134094.4 130413.9 0
76827.6 73258.9 0
38202.8 34379.0 0
21048.5 16803.0 0
4680.6 547.4 0
-25635.4 -29508.3 0
-55573.2 -59132.9 0
-82957.0 -86424.1 0
-86395.0 -90227.8 0
-77356.3 -81451.9 0
-42440.8 -47368.8 0
-7065.2 -12291.8 0
38979.4 33368.9 0
63022.8 57627.0 0
88548.2 83234.7 0
116388.9 110939.7 0
164388.5 158255.8 0
218533.1 212001.9 0
254551.8 247933.4 0
263227.3 257147.6 0
240158.7 234783.8 0
220938.6 215839.0 0
212174.3 206902.3 0
219294.9 213648.1 0
197132.0 191990.6 0
153244.7 148688.6 0
86483.7 82844.2 0
38601.7 34899.3 0
-104.7 -3708.4 0
-14856.2 -18907.1 0
-31734.0 -35715.5 0
-48196.2 -52078.6 0
-62399.6 -66277.1 0
-76886.0 -80832.9 0
-75351.6 -79510.5 0
-61188.5 -65595.1 0
-11172.7 -16457.4 0
37655.5 31885.5 0
83553.8 77729.2 0
101017.4 95546.1 0
120380.8 114844.8 0
150618.7 144765.9 0
205469.8 198842.2 0
252151.9 245445.6 0
271124.8 264752.1 0
256923.5 251396.3 0
227041.7 221953.6 0
211822.6 206721.3 0
197896.3 192804.0 0
190934.1 185702.3 0
155909.6 151118.3 0
112184.9 107942.9 0
49533.8 45897.0 0
1887.4 -1606.7 0
-37544.7 -40982.0 0
-54544.3 -58415.2 0
-63411.1 -67584.8 0
-64429.4 -68707.8 0
-69798.7 -73925.9 0
-78138.7 -82153.0 0
-71768.8 -75958.0 0
-44073.3 -48924.4 0
18783.9 12982.9 0
74325.6 68201.7 0
117462.1 111417.2 0
125243.2 119745.0 0
144782.6 139115.0 0
177328.4 171143.5 0
231529.5 224805.6 0
263477.1 256963.4 0
267393.1 261337.9 0
246943.2 241570.0 0
219644.5 214529.2 0
196723.3 191731.9 0
171311.4 166368.8 0
151069.9 146196.2 0
112704.8 108175.9 0
74980.1 70720.1 0
18892.1 15257.4 0
-27119.3 -30635.8 0
-67957.5 -71421.1 0
-74338.6 -78484.0 0
-69155.5 -73574.9 0
-58291.6 -62859.5 0
-62746.0 -66938.3 0
-71082.1 -75276.6 0
-57563.8 -62184.2 0
-13118.0 -18497.6 0
55996.0 49917.5 0
104808.7 98658.9 0
138105.4 132168.6 0
146774.9 141301.8 0
171648.1 165809.1 0
201084.1 194903.3 0
243818.6 237188.2 0
259771.4 253535.2 0
254952.8 249143.8 0
230657.7 225493.5 0
197165.9 192248.4 0
162907.7 158243.5 0
129623.1 124945.0 0
106229.8 101624.9 0
77015.7 72579.6 0
42939.5 38672.4 0
-15525.6 -19149.3 0
-59834.0 -63267.8 0
-88805.3 -92441.5 0
-72348.4 -76931.6 0
-54751.4 -59551.1 0
-41359.2 -46297.5 0
-47551.0 -52047.4 0
-45661.7 -50174.6 0
-15419.3 -20460.0 0
37270.6 31429.4 0
101659.1 95236.8 0
143775.4 137408.0 0
172053.7 165887.5 0
183601.6 177745.6 0
205895.0 199761.4 0
223828.0 217624.6 0
248029.7 241753.4 0
250250.0 244387.7 0
244256.0 238532.9 0
213116.3 208025.4 0
169614.5 164987.1 0
123071.5 118661.0 0
86757.4 82296.7 0
69564.3 64937.4 0
44651.2 40154.0 0
7129.7 3079.2 0
-51082.3 -54606.6 0
-87076.9 -90707.4 0
-98531.1 -102540.2 0
-70499.6 -75281.6 0
-48789.3 -53676.0 0
-34130.0 -38909.6 0
-35129.3 -39584.0 0
-16429.4 -21378.1 0
23792.0 18260.2 0
77816.2 71653.1 0
133904.0 127476.9 0
173451.3 167027.1 0
204618.5 198429.2 0
212300.0 206462.9 0
222238.9 216374.9 0
224210.7 218532.2 0
241738.0 235603.1 0
246579.3 240522.7 0
236115.3 230309.1 0
186995.6 182197.2 0
129944.9 125710.3 0
82216.9 78214.4 0
59402.7 54893.0 0
44492.2 39973.5 0
16795.5 12521.8 0
-26190.7 -29863.0 0
-80237.3 -83518.6 0
-101766.1 -105374.2 0
-96864.8 -100987.8 0
-60771.2 -65849.0 0
-36577.9 -41668.2 0
-14596.5 -19818.4 0
-4810.5 -9695.2 0
20462.0 15301.7 0
58710.1 53006.3 0
113238.5 106949.0 0
165520.7 158943.5 0
207929.6 201262.8 0
234000.6 227658.0 0
231568.6 225699.3 0
227433.4 221770.7 0
219998.6 214406.5 0
234798.1 228668.3 0
233492.1 227575.7 0
212296.6 206809.0 0
152392.5 148009.3 0
94054.3 89995.2 0
49597.5 45515.5 0
33038.5 28439.1 0
15376.2 10879.4 0
-17300.7 -21400.7 0
-56046.7 -59764.4 0
-92072.4 -95782.5 0
-99311.2 -103281.6 0
-86622.0 -91203.9 0
-49893.9 -55140.5 0
-22568.9 -27720.7 0
10806.6 5426.1 0
32736.9 27389.2 0
64756.9 59114.7 0
95249.5 89585.8 0
144444.3 138112.8 0
196711.8 189973.2 0
235227.5 228472.7 0
245048.3 238915.8 0
229085.4 223375.3 0
215342.6 209749.3 0
210678.2 204971.3 0
221309.3 215336.9 0
206069.3 200458.6 0
168521.4 163585.0 0
98837.4 94845.9 0
46651.9 42718.9 0
10453.9 6378.1 0
-1642.7 -6135.4 0
-19137.8 -23565.5 0
-44820.2 -49101.5 0
-71914.7 -75799.3 0
-93729.6 -97595.6 0
-92322.3 -96645.4 0
-76388.3 -81050.6 0
-35636.5 -40883.6 0
5070.4 -523.6 0
50304.0 44400.3 0
70185.5 64674.3 0
94954.5 89360.4 0
123178.3 117345.8 0
177884.3 171262.0 0
229219.5 222387.1 0
259263.1 252648.0 0
251614.0 245831.5 0
222955.3 217656.8 0
207472.7 202181.3 0
201970.6 196335.7 0
204193.8 198493.6 0
175915.4 170765.7 0
130889.1 126252.5 0
67099.4 63142.8 0
22508.5 18459.7 0
-14643.0 -18630.3 0
-32015.7 -36345.9 0
-51653.4 -55911.0 0
-61453.4 -65891.2 0
-72869.3 -77197.2 0
-83455.9 -87704.9 0
-79383.2 -83955.0 0
-54753.9 -59829.6 0
-678.2 -6496.7 0
52487.5 46309.1 0
96812.0 90588.8 0
110178.1 104434.5 0
131870.0 125942.2 0
164646.1 158499.4 0
222424.0 215585.5 0
263018.4 256189.2 0
275741.3 269196.5 0
253860.6 248177.1 0
226779.7 221348.2 0
208653.9 203197.4 0
196931.2 191437.0 0
181936.2 176528.5 0
143257.3 138313.4 0
99585.9 95095.8 0
42045.5 38075.9 0
1170.4 -2816.2 0
-35502.1 -39320.5 0
-43932.0 -48326.2 0
-48524.3 -53049.5 0
-43817.6 -48604.7 0
-52849.0 -57332.1 0
-63183.7 -67607.2 0
-55232.2 -60010.1 0
-15627.6 -21235.4 0
48793.8 42491.0 0
102587.3 96212.0 0
138592.9 132240.2 0
145287.3 139433.6 0
171124.2 164971.2 0
207095.8 200511.0 0
256187.0 249240.0 0
276332.2 269613.3 0
274903.4 268564.0 0
247887.0 242195.0 0
220221.9 214772.2 0
192727.9 187382.1 0
168061.5 162714.9 0
143669.2 138381.1 0
109270.0 104326.0 0
71770.8 67058.9 0
16038.6 11853.9 0
-27562.5 -31485.6 0
-62418.4 -66262.4 0
-58270.1 -63000.5 0
-44423.0 -49473.8 0
-31966.8 -37144.3 0
-41935.8 -46755.0 0
-44268.8 -49153.0 0
-20076.0 -25436.6 0
37633.0 31222.3 0
101092.7 94223.7 0
146796.5 140066.4 0
172663.9 166173.5 0
181832.6 175546.1 0
210282.5 203645.7 0
238081.3 231356.9 0
273308.3 266165.8 0
279402.0 272739.7 0
273674.6 267259.2 0
246047.8 240274.4 0
212414.3 206892.9 0
172805.6 167671.2 0
140921.7 135617.2 0
116853.5 111584.2 0
88396.2 83281.7 0
50058.0 45348.7 0
-5603.1 -9754.2 0
-47924.7 -52128.3 0
-68004.6 -72527.6 0
-43905.6 -49344.5 0
-26145.8 -31781.4 0
-12418.4 -17946.7 0
-19778.3 -24857.5 0
-9359.5 -14659.0 0
26185.4 20239.0 0
87727.5 80940.2 0
146171.5 138940.2 0
183909.2 176758.7 0
211419.8 204548.9 0
226571.7 219808.9 0
246619.8 239839.4 0
258270.2 251458.0 0
278485.0 271471.2 0
277738.2 271059.4 0
271973.7 265360.3 0
230545.0 224689.9 0
183497.7 178012.7 0
132012.7 126938.2 0
107037.6 101573.4 0
90944.1 85394.1 0
64668.9 59332.9 0
21562.1 16839.6 0
-40306.3 -44454.4 0
-74067.2 -78514.4 0
-74214.1 -79241.2 0
-35675.3 -41593.7 0
-12438.6 -18349.1 0
1820.0 -4089.4 0
3953.1 -1718.1 0
32838.7 26598.0 0
74288.1 67595.9 0
131099.4 123832.4 0
179048.9 171754.9 0
215554.1 208227.1 0
240017.2 232950.8 0
251185.5 244162.8 0
258858.1 251857.7 0
257014.4 250071.4 0
270696.4 263501.4 0
269055.0 262259.7 0
252487.2 246042.4 0
197539.9 192076.1 0
139525.1 134414.9 0
91018.7 85871.6 0
73412.4 67741.1 0
56669.0 51031.7 0
29918.1 24456.4 0
-18030.8 -22737.1 0
-61848.3 -66437.3 0
-71406.1 -76377.4 0
-57684.9 -63221.1 0
-24301.1 -30473.0 0
-1987.0 -8110.3 0
20790.5 14544.2 0
34067.1 27903.5 0
66569.4 59966.0 0
105438.7 98662.3 0
156059.6 148696.0 0
200308.2 192637.7 0
239909.8 232190.7 0
257117.6 249823.4 0
254102.8 247093.0 0
245877.3 239094.7 0
240110.8 233161.7 0
252235.1 245034.4 0
242847.6 235888.1 0
210011.6 203779.4 0
138699.4 133394.6 0
82550.3 77332.8 0
42749.5 37493.9 0
33547.8 27864.7 0
17386.2 11811.6 0
-12211.1 -17442.9 0
-53617.8 -58397.5 0
-78811.0 -83731.7 0
-76538.4 -81984.0 0
-58164.2 -64041.1 0
-22643.4 -28973.9 0
6006.9 -581.5 0
40678.9 33962.3 0
60774.0 54259.7 0
91075.4 84276.4 0
121553.3 114522.5 0
175106.6 167310.0 0
222167.9 214243.9 0
257662.0 249807.5 0
259499.4 252380.2 0
239369.8 232751.8 0
219866.8 213443.9 0
215124.0 208320.8 0
220747.0 213916.2 0
200827.6 194290.0 0
158831.3 152808.7 0
89526.2 84456.3 0
42317.7 37281.8 0
6760.8 1583.0 0
-5159.9 -10736.8 0
-28369.6 -33783.4 0
-50012.6 -55366.1 0
-72993.8 -78050.1 0
-82145.9 -87409.2 0
-77436.2 -82862.3 0
-56350.1 -62397.7 0
-14296.7 -20936.9 0
28577.0 21607.2 0
70432.2 63349.5 0
88442.1 81658.0 0
112831.1 105932.7 0
142961.7 135937.3 0
199882.6 192094.9 0
243144.1 235244.7 0
265495.9 257756.3 0
244425.5 237645.1 0
215997.7 209700.9 0
199150.9 192838.7 0
193931.9 187339.4 0
185801.0 179370.9 0
149216.1 143439.8 0
99675.6 94416.3 0
38054.4 33092.1 0
-3489.8 -8376.4 0
-37130.3 -42020.9 0
-47645.4 -52930.7 0
-63877.5 -69120.4 0
-70753.8 -76170.5 0
-85945.8 -91022.1 0
-88369.6 -93659.6 0
-81012.4 -86466.3 0
-48292.2 -54463.5 0
6835.1 -66.6 0
59473.5 52228.3 0
97382.8 90300.9 0
108292.0 101726.3 0
130878.5 124033.7 0
162193.0 155058.6 0
217325.4 209541.3 0
248001.8 240308.2 0
252268.1 245008.0 0
220688.8 214295.8 0
193706.0 187438.2 0
173083.9 166907.7 0
160408.2 154099.0 0
140415.4 134411.8 0
101892.5 96229.1 0
58274.5 53084.3 0
3241.8 -1484.1 0
-37201.8 -41878.9 0
-72381.9 -77195.6 0
-75970.9 -81242.7 0
-77989.3 -83347.9 0
-72479.2 -77990.6 0
-82258.7 -87275.0 0
-82941.9 -88134.7 0
-69226.3 -74832.8 0
-18462.3 -24954.5 0
46932.3 39835.5 0
97277.7 90140.7 0
124692.7 117948.9 0
132559.2 126161.6 0
158391.1 151647.8 0
192603.4 185531.2 0
236729.2 229339.5 0
249310.3 242249.1 0
242519.9 235942.4 0
208118.6 202222.1 0
181057.4 175149.4 0
150778.7 145103.9 0
126176.0 120425.4 0
97759.9 92199.0 0
65234.0 59835.6 0
23875.1 19014.5 0
-30949.2 -35381.2 0
-74815.6 -79011.6 0
-101947.3 -106387.6 0
-89005.4 -94119.7 0
-74828.3 -80216.6 0
-61272.2 -66743.9 0
-72566.9 -77490.1 0
-66137.8 -71354.4 0
-36914.9 -42680.3 0
25935.9 19214.2 0
87656.9 80526.4 0
129980.5 122997.1 0
148249.4 141668.6 0
159123.3 152661.0 0
184783.1 177990.6 0
209253.0 202180.1 0
238674.8 231559.3 0
239592.0 232867.8 0
228179.4 221838.7 0
189114.9 183480.3 0
150685.8 145203.0 0
107549.6 102407.2 0
79774.3 74453.6 0
56415.6 51115.2 0
29173.1 23995.2 0
-16026.0 -20513.9 0
-71744.9 -75785.6 0
-109095.4 -113240.6 0
-118497.6 -123161.8 0
-90998.8 -96378.1 0
-69552.1 -75103.3 0
-54210.4 -59789.5 0
-61511.0 -66621.3 0
-41353.2 -46803.6 0
-1541.3 -7566.9 0
64014.3 57074.1 0
116464.4 109463.5 0
151883.7 144951.5 0
172348.0 165770.6 0
184427.8 177946.0 0
199155.9 192563.0 0
209333.1 202655.3 0
223498.5 216743.5 0
222230.3 215652.3 0
208903.7 202704.2 0
159607.2 154356.8 0
110051.7 105208.2 0
59683.9 55088.4 0
38486.0 33460.4 0
21272.8 16176.8 0
-5134.9 -10159.2 0
-54036.0 -58227.7 0
-103406.3 -107352.9 0
-123909.5 -128079.4 0
-113473.6 -118311.7 0
-78655.6 -84211.8 0
-59064.2 -64502.7 0
-45516.0 -50871.4 0
-38829.0 -44052.1 0
-4294.6 -10124.5 0
36624.5 30442.0 0
97004.2 90153.4 0
142486.5 135590.5 0
179913.0 173038.9 0
195672.8 189153.9 0
199513.7 193289.6 0
201430.7 195259.9 0
202907.8 196566.7 0
214090.4 207620.8 0
208406.1 202241.9 0
183806.6 178207.7 0
121588.2 116987.2 0
65757.6 61388.8 0
20354.7 16034.0 0
8957.4 3986.0 0
-10118.3 -14952.2 0
-39449.4 -43942.8 0
-87707.3 -91466.6 0
-122310.0 -126181.2 0
-126020.4 -130297.7 0
-105124.8 -110137.4 0
-71412.9 -76735.1 0
-47629.4 -52964.0 0
-21011.6 -26553.8 0
-1688.6 -7312.2 0
31702.6 25812.7 0
67842.7 61714.1 0
122533.9 115878.6 0
169218.0 162386.9 0
211415.1 204389.1 0
219748.2 213337.8 0
211084.5 205107.4 0
198071.0 192285.9 0
197546.9 191452.1 0
207878.9 201497.9 0
192759.5 186883.2 0
151388.9 146326.9 0
78672.1 74609.4 0
26373.1 22337.5 0
-7666.2 -11972.4 0
-15512.6 -20255.5 0
-37492.1 -41882.4 0
-65454.8 -69667.6 0
-101666.9 -105467.1 0
-118010.4 -121999.8 0
-115364.8 -119640.6 0
-92329.7 -97234.9 0
-56549.5 -61882.8 0
-21434.2 -26985.9 0
17518.1 11776.8 0
39022.1 33450.4 0
66725.2 60986.1 0
96880.5 90914.9 0
154932.5 148241.2 0
201380.6 194525.9 0
230801.5 224108.0 0
220568.5 214702.7 0
200078.4 194528.9 0
185212.8 179675.2 0
186326.3 180471.5 0
183305.3 177633.3 0
153030.7 147744.1 0
102168.3 97686.1 0
34025.5 30284.0 0
-8637.3 -12586.3 0
-40914.3 -45039.3 0
-52453.7 -56791.5 0
-72186.0 -76386.7 0
-84039.4 -88434.4 0
-105376.1 -109434.1 0
-110833.5 -114975.0 0
-103946.2 -108409.9 0
-76295.0 -81419.4 0
-29023.9 -34657.8 0
20969.9 15021.5 0
59404.8 53363.0 0
77510.2 71810.8 0
101889.9 96074.3 0
135005.6 128857.4 0
196433.7 189556.0 0
233513.0 226772.9 0
245860.1 239551.3 0
216975.7 211587.0 0
192780.2 187520.7 0
177261.1 171921.3 0
173968.8 168234.1 0
157890.5 152490.2 0
117396.8 112693.7 0
64706.8 60645.3 0
8263.1 4409.8 0
-31273.3 -35160.7 0
-63147.1 -66993.9 0
-72112.4 -76305.0 0
-82106.5 -86319.6 0
-82996.8 -87350.3 0
-96871.3 -101026.4 0
-96548.7 -100837.0 0
-88014.3 -92531.0 0
-44983.8 -50334.8 0
14550.6 8630.0 0
65561.5 59513.2 0
93198.6 87395.5 0
102353.1 96831.5 0
125678.5 120000.3 0
164127.3 157845.5 0
216915.8 210122.4 0
239592.7 233062.4 0
237952.7 231970.1 0
202032.1 196843.6 0
177683.1 172562.8 0
154075.4 149069.1 0
140819.6 135631.3 0
112065.3 107198.3 0
72678.6 68179.2 0
26097.2 22110.0 0
-28885.8 -32396.5 0
-70366.9 -73866.8 0
-101251.0 -104832.3 0
-98430.5 -102649.2 0
-91747.7 -96240.4 0
-83258.6 -87738.8 0
-95604.3 -99590.6 0
-92626.6 -96824.1 0
-72154.4 -76810.2 0
-10420.6 -16217.5 0
50714.0 44599.8 0
96033.6 89972.6 0
114076.7 108524.9 0
126791.7 121297.6 0
155681.7 149816.9 0
192226.6 185772.6 0
232477.5 225882.8 0
235845.4 229860.7 0
223041.2 217486.3 0
186136.4 181258.8 0
157110.7 152307.6 0
123422.0 118916.6 0
99865.6 95110.3 0
69042.5 64679.3 0
38934.5 34561.3 0
-6476.5 -10262.7 0
-57661.4 -61011.9 0
-96359.5 -99687.3 0
-113862.2 -117528.7 0
-95174.7 -99676.9 0
-77829.9 -82493.5 0
-66762.0 -71286.1 0
-78108.0 -82123.2 0
-65600.8 -70021.6 0
-30394.2 -35401.5 0
37709.4 31724.6 0
93200.0 87049.5 0
131219.7 125088.7 0
144358.9 138659.8 0
161295.8 155596.3 0
186596.3 180582.3 0
212625.0 206426.7 0
232892.6 226803.9 0
228690.7 223057.7 0
213969.0 208659.1 0
173213.0 168489.9 0
132848.7 128362.5 0
84817.4 80759.2 0
60927.4 56612.7 0
36703.0 32339.6 0
9414.8 5261.7 0
-39720.9 -43182.9 0
-91452.2 -94504.8 0
-122840.6 -126040.2 0
-119526.0 -123581.3 0
-88286.6 -92995.6 0
-65530.2 -70220.9 0
-51251.8 -55803.8 0
-56307.3 -60571.2 0
-28517.2 -33333.6 0
16420.0 10986.6 0
82420.0 76234.9 0
128331.9 122339.3 0
162894.4 156947.1 0
178379.3 172781.8 0
195507.4 189829.2 0
208196.6 202548.2 0
217040.2 211348.9 0
227649.0 221928.9 0
222721.7 217210.7 0
202576.9 197488.5 0
148748.0 144410.1 0
94997.1 91060.6 0
46483.4 42773.5 0
31812.6 27549.5 0
11555.1 7342.5 0
-15576.0 -19628.1 0
-67845.9 -71058.9 0
-109717.1 -112934.5 0
-123963.8 -127507.3 0
-105610.8 -109957.0 0
-70871.9 -75728.7 0
-50221.4 -54947.8 0
-34922.5 -39596.5 0
-23782.9 -28402.1 0
11272.2 6144.3 0
52618.4 47193.6 0
113138.0 107024.0 0
155253.7 149195.8 0
192603.1 186399.5 0
203418.7 197657.6 0
205555.1 200030.8 0
200262.7 194997.5 0
203096.1 197589.4 0
210461.6 204956.1 0
201946.6 196648.7 0
169006.9 164296.3 0
103216.8 99333.8 0
48056.4 44404.7 0
8208.5 4530.2 0
1994.1 -2286.4 0
-17435.0 -21541.5 0
-48639.5 -52313.4 0
-96783.0 -99809.3 0
-119466.3 -122813.3 0
-118472.0 -122325.8 0
-91641.5 -96218.1 0
-59821.2 -64619.7 0
-33760.9 -38606.5 0
-5054.3 -9926.5 0
17546.2 12555.4 0
52338.3 47040.7 0
87763.4 82201.5 0
142947.7 136684.7 0
185875.4 179565.6 0
220809.4 214498.8 0
219685.1 214039.0 0
204824.7 199611.2 0
189011.3 183939.8 0
190253.2 184780.6 0
194842.6 189265.9 0
173692.3 168539.8 0
124381.3 120197.9 0
54850.0 51444.7 0
9188.3 5697.3 0
-19244.5 -23054.8 0
-25618.5 -29732.4 0
-51060.1 -54827.0 0
-79384.5 -82898.1 0
-114648.6 -117924.6 0
-123720.6 -127295.7 0
-114225.8 -118225.3 0
-82570.2 -87209.0 0
-44398.8 -49412.2 0
-3400.1 -8670.1 0
33598.8 28243.1 0
55269.6 50005.1 0
85379.3 79997.6 0
118407.8 112752.6 0
175012.5 168742.5 0
219035.6 212740.3 0
242436.4 236241.7 0
222090.3 216779.8 0
198296.7 193411.1 0
178379.0 173494.6 0
179805.6 174522.1 0
170736.0 165596.3 0
136982.3 132433.0 0
77601.8 73927.3 0
16667.0 13332.9 0
-23615.6 -27082.9 0
-50708.8 -54368.4 0
-60308.2 -64121.0 0
-81398.9 -85070.7 0
-93813.5 -97553.4 0
-113042.4 -116542.2 0
-113484.0 -117243.2 0
-103542.1 -107610.7 0
-66011.9 -70769.4 0
-15878.0 -21206.9 0
35658.0 29997.2 0
65229.1 59953.5 0
82119.3 77051.5 0
107933.9 102670.7 0
145558.7 139708.4 0
203556.4 197120.2 0
235412.7 229176.9 0
241168.4 235521.8 0
206743.9 202004.4 0
179105.6 174488.7 0
160312.5 155598.8 0
154895.7 149909.6 0
130984.6 126314.8 0
89190.0 85104.3 0
34519.2 31074.1 0
-17505.0 -20728.1 0
-55582.5 -58804.5 0
-84752.4 -88025.0 0
-92218.1 -95855.4 0
-97227.2 -100916.7 0
-93637.0 -97655.7 0
-106280.0 -109913.3 0
-102084.6 -105887.6 0
-85883.9 -90071.9 0
-31297.4 -36437.0 0
26283.7 20756.3 0
75888.9 70233.7 0
99230.4 93992.7 0
111581.4 106524.7 0
138717.8 133340.0 0
178373.3 172558.2 0
222223.8 216032.2 0
234919.6 229074.9 0
223607.0 218249.1 0
187600.2 182954.5 0
163601.0 159044.2 0
137512.7 133065.0 0
122117.5 117456.8 0
89581.0 85299.1 0
52311.3 48385.2 0
2783.8 -614.4 0
-46871.9 -49992.0 0
-87305.7 -90318.8 0
-108483.1 -111858.4 0
-101828.0 -105781.1 0
-90677.2 -94863.6 0
-82970.5 -87019.2 0
-93325.8 -96970.5 0
-87226.0 -91006.4 0
-56565.0 -61019.3 0
12132.9 6562.7 0
71160.0 65388.8 0
114730.8 108973.9 0
126622.9 121423.0 0
140560.5 135423.6 0
169225.0 163713.3 0
203918.1 197889.2 0
232965.1 226864.3 0
231849.3 226308.7 0
216458.8 211356.9 0
179495.6 174928.2 0
147930.5 143472.0 0
107287.8 103218.0 0
82806.2 78661.0 0
54024.1 50006.5 0
25261.7 21441.0 0
-26645.1 -29906.2 0
-74915.7 -77857.4 0
-111014.3 -113940.4 0
-116890.9 -120398.0 0
-94813.1 -98954.9 0
-76978.3 -81207.6 0
-68510.7 -72543.9 0
-75445.9 -79257.8 0
-53429.9 -57819.2 0
-9997.1 -15021.1 0
59368.7 53433.5 0
110579.6 104595.3 0
144966.1 139167.6 0
157859.6 152475.3 0
176958.5 171566.7 0
196608.7 191137.9 0
219516.0 213782.3 0
231856.8 226298.3 0
224048.4 218692.8 0
202986.9 198146.7 0
157018.9 152752.1 0
111950.1 108039.2 0
65131.9 61424.3 0
45918.7 41780.0 0
21212.0 17259.4 0
-7621.9 -11295.5 0
-61496.5 -64420.2 0
-106676.4 -109470.1 0
-129753.9 -132760.1 0
-113156.5 -117009.6 0
-85327.9 -89613.4 0
-67065.0 -71358.7 0
-59574.5 -63620.4 0
-54525.8 -58608.8 0
-17367.1 -22055.5 0
28345.1 23186.8 0
91476.1 85663.9 0
132066.3 126283.5 0
165353.6 159630.7 0
177748.6 172393.9 0
189328.7 184033.3 0
192785.2 187693.3 0
201553.7 196133.2 0
206464.9 201035.9 0
201303.2 196077.5 0
171228.9 166725.9 0
112917.8 109217.0 0
59034.1 55614.8 0
16296.0 12920.0 0
8776.4 4794.7 0
-13114.1 -16943.7 0
-46005.1 -49380.3 0
-103584.0 -106165.7 0
-135673.4 -138516.1 0
-138392.8 -141785.5 0
-107635.1 -111940.6 0
-75858.3 -80201.1 0
-53084.3 -57390.5 0
-38712.2 -42929.4 0
-20010.9 -24479.4 0
19405.5 14418.6 0
64916.7 59463.8 0
120902.4 115033.8 0
162909.5 157042.3 0
200673.6 194812.9 0
205341.0 200008.4 0
203982.8 198866.9 0
195212.8 190338.0 0
202247.2 196988.6 0
204338.5 199110.9 0
188559.7 183716.2 0
142043.5 138035.6 0
74382.8 71191.3 0
23394.9 20210.1 0
-9503.5 -13011.9 0
-17463.3 -21218.2 0
-43178.8 -46552.2 0
-75531.7 -78699.4 0
-120739.7 -123458.4 0
-132601.4 -135726.5 0
-125680.7 -129249.3 0
-90901.9 -95286.9 0
-59638.8 -64113.8 0
-28562.5 -33240.4 0
395.3 -4337.8 0
25712.4 20884.1 0
60515.7 55583.8 0
99610.1 94400.7 0
154399.2 148562.1 0
196711.0 190834.1 0
225481.2 219685.8 0
216226.9 211162.3 0
202964.4 198116.1 0
187132.7 182405.6 0
194722.3 189626.9 0
192956.7 187878.2 0
166629.2 162151.4 0
106056.6 102443.3 0
39145.7 36034.3 0
-5165.2 -8334.1 0
-30029.4 -33527.2 0
-39135.7 -42817.2 0
-63250.7 -66699.9 0
-84903.9 -88217.9 0
-111580.5 -114651.6 0
-111648.9 -115137.1 0
-99335.4 -103252.5 0
-60823.4 -65436.1 0
-24138.7 -28878.7 0
19591.6 14466.5 0
51104.0 46042.6 0
76564.2 71495.2 0
105943.8 100738.1 0
145076.3 139492.1 0
201689.3 195461.4 0
238160.1 232006.8 0
251277.2 245594.9 0
221838.8 217084.2 0
197778.6 193140.0 0
181509.0 176836.8 0
189489.9 184272.2 0
172261.3 167369.6 0
130925.0 126701.5 0
67095.8 63778.1 0
14342.8 11206.7 0
-21777.1 -25097.0 0
-42494.5 -46143.4 0
-52450.0 -56214.0 0
-69818.5 -73472.7 0
-78098.7 -81798.1 0
-94062.4 -97495.9 0
-91555.3 -95342.9 0
-80373.0 -84398.9 0
-35315.4 -40178.8 0
15684.2 10425.2 0
68066.1 62497.9 0
92706.3 87484.7 0
109842.1 104766.8 0
132831.0 127578.7 0
174191.4 168279.5 0
225917.9 219562.6 0
249438.4 243379.7 0
243068.6 237710.8 0
205449.2 200888.6 0
182088.8 177461.3 0
163478.6 158807.5 0
158062.4 153115.6 0
128350.2 123949.5 0
82839.7 78932.9 0
24356.0 21106.2 0
-23276.2 -26445.7 0
-60889.5 -64112.8 0
-81565.7 -85078.8 0
-84625.8 -88434.9 0
-83391.9 -87269.8 0
-80955.7 -84971.2 0
-93983.1 -97743.7 0
-90049.7 -93893.0 0
-69933.5 -74169.9 0
-6504.3 -11804.2 0
51124.7 45510.8 0
98810.8 93020.2 0
110696.4 105496.1 0
128175.3 122954.8 0
156051.7 150616.9 0
199716.7 193638.6 0
237641.9 231508.0 0
241126.8 235570.4 0
221438.9 216383.0 0
187498.8 182813.1 0
164203.4 159697.9 0
135625.6 131273.4 0
116550.6 112222.5 0
77180.4 73156.8 0
41315.4 37423.7 0
-12575.6 -15713.1 0
-59270.4 -62271.0 0
-97575.9 -100611.4 0
-110373.1 -113825.9 0
-100272.7 -104127.6 0
-87349.3 -91480.1 0
-80479.3 -84485.1 0
-88937.4 -92689.1 0
-74927.6 -79042.7 0
-36324.7 -41141.8 0
35858.8 30160.7 0
94471.6 88594.6 0
131530.7 125833.3 0
136018.7 130876.0 0
151866.1 146659.4 0
178333.9 172846.7 0
214367.5 208419.2 0
231968.8 226119.6 0
226886.1 221468.8 0
207719.6 202747.8 0
168869.9 164461.8 0
132771.5 128588.0 0
92518.5 88482.5 0
70346.0 66187.2 0
40551.5 36587.4 0
11093.2 7253.7 0
-42341.7 -45489.2 0
-87637.1 -90636.8 0
-120285.1 -123294.0 0
-113504.8 -117191.5 0
-88748.3 -93024.9 0
-67208.9 -71654.7 0
-60366.4 -64476.5 0
-64099.9 -67972.3 0
-37519.1 -41927.2 0
9414.4 4276.9 0
77484.1 71658.1 0
123468.8 117735.4 0
155534.1 149836.4 0
162654.7 157465.3 0
180316.6 175025.6 0
196506.5 191036.6 0
215052.2 209379.1 0
218648.3 213167.2 0
209729.4 204536.7 0
182485.7 177925.7 0
133798.3 129870.9 0
87888.3 84260.4 0
44920.2 41310.9 0
28506.3 24563.5 0
4432.0 519.5 0
-25435.7 -29029.5 0
-80388.5 -83240.5 0
-122570.6 -125303.7 0
-138444.0 -141571.8 0
-111222.8 -115428.1 0
-80865.9 -85370.8 0
-59789.7 -64271.0 0
-52137.1 -56340.5 0
-38377.8 -42616.5 0
930.5 -3978.2 0
52731.9 47252.5 0
114587.2 108661.9 0
152848.0 147047.0 0
184324.0 178615.6 0
189733.5 184512.8 0
200135.2 194859.7 0
200442.9 195283.4 0
207926.3 202588.1 0
208021.0 202807.4 0
197144.6 192252.3 0
157026.0 152759.7 0
97932.1 94260.1 0
44136.9 40772.1 0
8208.7 4645.5 0
-2571.0 -6496.6 0
-23652.1 -27460.3 0
-53667.8 -57078.1 0
-107793.0 -110508.4 0
-132253.4 -135215.3 0
-129110.3 -132596.5 0
-93455.3 -97794.5 0
-63124.1 -67616.9 0
-40355.4 -44777.2 0
-23541.2 -27845.3 0
3750.7 -965.5 0
43543.8 38366.2 0
88889.1 83379.1 0
140955.1 135072.7 0
179165.1 173239.5 0
211340.8 205448.4 0
207916.8 202632.6 0
199816.0 194918.3 0
184454.9 179734.5 0
192136.5 187001.1 0
191303.2 186283.6 0
171843.0 167124.2 0
115407.1 111575.4 0
52547.7 49315.3 0
4238.1 1082.6 0
-20437.4 -24032.3 0
-31053.5 -34883.0 0
-56494.5 -60003.7 0
-87754.9 -90960.9 0
-124517.6 -127400.3 0
-129123.8 -132410.8 0
-117398.9 -121010.9 0
-80367.5 -84633.5 0
-49847.5 -54281.8 0
-13231.9 -17999.5 0
14277.5 9664.0 0
42993.8 38117.5 0
77293.6 72227.2 0
118392.1 112858.4 0
170482.1 164564.6 0
208146.8 202275.5 0
225926.7 220307.3 0
206287.8 201401.9 0
188984.7 184383.0 0
173828.9 169214.5 0
183718.0 178564.8 0
171753.0 166961.0 0
138542.3 134277.2 0
72365.5 69146.6 0
13205.2 10185.4 0
-28195.8 -31336.3 0
-48747.0 -52338.6 0
-57743.7 -61431.4 0
-79256.9 -82796.4 0
-97650.2 -100931.2 0
-117885.8 -120986.1 0
-113792.3 -117274.0 0
-98121.0 -102013.0 0
-55239.1 -59832.2 0
-12626.9 -17523.6 0
35635.2 30359.3 0
60636.1 55587.0 0
83208.6 78240.7 0
106683.3 101670.0 0
151647.8 146025.0 0
204914.1 198830.7 0
234066.1 228217.2 0
232751.6 227526.4 0
199136.6 194636.1 0
177519.5 173123.3 0
161678.5 157180.0 0
162636.3 157810.2 0
137997.7 133653.7 0
92815.0 89103.7 0
27274.1 24347.1 0
-21296.3 -24226.9 0
-54664.6 -57700.8 0
-70511.6 -73945.9 0
-80482.9 -83896.1 0
-91236.8 -94652.7 0
-96365.9 -99867.8 0
-108193.0 -111685.2 0
-100281.8 -103964.9 0
-82783.0 -86746.8 0
-29729.5 -34475.4 0
27132.5 22028.3 0
75807.5 70456.1 0
93721.4 88765.8 0
111389.4 106399.6 0
137043.8 131828.0 0
183515.8 177723.0 0
225094.9 219241.3 0
239477.3 233940.2 0
223398.4 218573.4 0
186896.3 182521.7 0
163472.6 159087.0 0
140901.7 136588.0 0
128361.7 123778.0 0
92079.4 88120.1 0
48236.0 44730.7 0
-10297.6 -13265.5 0
-55054.4 -57980.7 0
-90033.2 -92876.6 0
-103630.6 -106816.7 0
-102880.5 -106319.9 0
-94983.6 -98635.8 0
-91534.9 -95133.8 0
-100962.2 -104597.4 0
-92459.6 -96253.3 0
-61720.8 -66053.6 0
7033.0 1738.3 0
65018.0 59531.5 0
108136.1 102652.0 0
115498.2 110685.5 0
133024.9 128092.1 0
161854.1 156615.6 0
205275.5 199417.5 0
228996.7 223417.0 0
228075.5 222911.6 0
201353.4 196786.7 0
165352.4 161107.1 0
137683.0 133518.8 0
107726.2 103594.4 0
85938.9 81935.9 0
47433.9 43735.9 0
12721.6 9166.8 0
-38393.8 -41399.5 0
-78505.5 -81405.1 0
-113746.7 -116520.2 0
-114568.6 -117933.6 0
-97026.5 -100909.1 0
-77417.2 -81576.8 0
-74368.4 -78119.7 0
-77468.0 -81106.0 0
-55966.3 -60041.5 0
-8018.7 -12810.6 0
63652.9 57988.4 0
115224.3 109550.4 0
147900.8 142413.1 0
151120.4 146220.6 0
170170.4 165008.9 0
190379.2 185086.2 0
222961.2 217232.5 0
230078.4 224710.4 0
220145.1 215109.2 0
192029.1 187673.7 0
149726.4 145808.8 0
108927.4 105125.3 0
69790.6 66098.4 0
47002.7 43286.7 0
20585.3 16944.2 0
-8404.6 -11923.5 0
-63570.1 -66332.1 0
-107498.8 -110087.6 0
-132540.9 -135469.0 0
-111047.0 -114804.1 0
-83847.4 -87874.7 0
-62389.5 -66562.2 0
-60202.6 -64035.2 0
-53513.1 -57449.2 0
-20171.8 -24711.2 0
33727.0 28436.9 0
99098.1 93475.4 0
140132.9 134563.2 0
165909.1 160467.6 0
171233.6 166105.7 0
187877.4 182617.0 0
196489.0 191399.0 0
212381.2 207056.2 0
210699.8 205669.2 0
202481.1 197469.0 0
169293.6 165120.3 0
118207.1 114575.9 0
67148.2 63844.3 0
29699.9 26315.6 0
13191.4 9497.2 0
-9071.4 -12745.1 0
-39334.1 -42633.1 0
-97200.3 -99658.3 0
-131683.3 -134309.6 0
-136342.4 -139558.1 0
-100952.2 -105140.7 0
-72630.8 -76887.9 0
-52470.5 -56541.6 0
-47178.7 -51134.9 0
-25951.3 -30250.4 0
15837.4 10972.5 0
72201.1 66850.3 0
125405.6 119893.6 0
161259.1 155699.2 0
190230.3 184668.5 0
193437.3 188298.0 0
197537.7 192525.3 0
190241.0 185588.8 0
197564.6 192592.6 0
194927.6 190066.7 0
179530.6 174896.7 0
130008.8 126264.5 0
70641.8 67488.2 0
17418.3 14503.0 0
-9158.7 -12508.0 0
-18656.8 -22266.7 0
-40249.1 -43693.0 0
-77144.3 -80091.4 0
-125529.0 -128029.1 0
-139286.1 -142181.0 0
-128941.1 -132359.1 0
-88371.1 -92576.4 0
-58777.2 -62974.7 0
-32708.9 -37101.4 0
-15214.7 -19400.5 0
17422.6 12768.4 0
56160.1 51223.2 0
100574.9 95333.4 0
148899.9 143400.0 0
187602.3 181973.4 0
211192.7 205870.9 0
203987.4 199228.0 0
194059.1 189492.3 0
179860.4 175409.5 0
188173.9 183256.0 0
182511.8 177639.5 0
159310.0 154897.3 0
92785.1 89581.7 0
28133.1 25373.5 0
-17418.0 -20205.5 0
-34068.9 -37439.6 0
-44927.5 -48282.8 0
-69851.3 -72889.6 0
-100724.2 -103513.3 0
-130993.4 -133731.8 0
-131094.8 -134249.4 0
-114781.4 -118403.5 0
-72309.9 -76562.7 0
-40751.9 -45214.5 0
-2418.5 -7106.9 0
21662.8 17091.3 0
51218.0 46353.1 0
80519.4 75789.1 0
126438.9 121180.4 0
178241.1 172524.4 0
213073.1 207438.3 0
219370.0 214290.4 0
193243.2 188927.2 0
170175.4 166062.2 0
155882.1 151533.0 0
164113.7 159405.4 0
147074.0 142723.8 0
106736.4 103046.4 0
35889.6 33129.1 0
-17807.2 -20484.5 0
-54927.2 -57787.3 0
-68321.3 -71499.2 0
-82183.2 -85354.4 0
-102130.9 -105171.3 0
-117954.5 -120891.7 0
-129664.0 -132705.2 0
-121986.8 -125275.6 0
-101227.7 -104896.8 0
-53791.6 -58140.3 0
-7891.3 -12578.4 0
39424.3 34550.3 0
60328.5 55863.5 0
85456.6 80928.4 0
110815.5 106177.5 0
160802.8 155252.9 0
208455.8 202687.4 0
231476.4 226001.4 0
221063.1 216381.5 0
185881.7 181860.3 0
163399.6 159343.3 0
149833.6 145753.6 0
146426.8 142136.6 0
115230.8 111426.8 0
68641.9 65451.7 0
3288.3 742.6 0
-43189.5 -45794.7 0
-78029.0 -80603.7 0
-89354.5 -92399.6 0
-100344.1 -103437.7 0
-105817.8 -109071.2 0
-112249.5 -115392.0 0
-115863.8 -119030.5 0
-106171.6 -109493.0 0
-80357.8 -84101.5 0
-22941.9 -27592.9 0
31959.5 27071.2 0
77889.3 72963.6 0
91267.3 86733.4 0
106521.2 101989.6 0
131400.1 126730.9 0
183013.4 177402.5 0
220038.8 214489.5 0
229204.1 224124.0 0
197404.2 193245.3 0
159498.4 155705.7 0
136641.0 132648.0 0
117878.3 113753.1 0
102244.9 98260.8 0
62122.2 58792.4 0
19312.6 16382.8 0
-35540.3 -38031.8 0
-77588.7 -80183.1 0
-112564.8 -114997.1 0
-118205.6 -121178.5 0
-113758.5 -117083.4 0
-102983.9 -106378.7 0
-104214.8 -107354.2 0
-105589.2 -108710.2 0
-90468.5 -93986.8 0
-50036.3 -54221.8 0
19258.5 14305.0 0
73572.6 68492.8 0
111141.5 106168.1 0
113706.1 109374.0 0
131589.2 126887.6 0
159122.5 154201.0 0
202222.8 196803.6 0
219677.6 214681.0 0
211005.2 206445.1 0
177459.3 173679.4 0
142333.1 138848.9 0
111403.3 107918.6 0
81012.1 77534.7 0
55067.3 51661.1 0
17813.4 14719.6 0
-18530.4 -21305.0 0
-73915.5 -76172.4 0
-114079.1 -116287.6 0
-143206.3 -145465.1 0
-132486.7 -135539.4 0
-114192.6 -117616.9 0
-95129.2 -98601.0 0
-94784.1 -97787.4 0
-93398.2 -96372.6 0
-69013.2 -72464.2 0
-14910.9 -19314.3 0
53979.0 48985.0 0
100864.4 95765.5 0
128084.9 123404.1 0
133963.4 129640.1 0
155486.3 150931.3 0
176072.2 171399.4 0
205861.5 200827.2 0
207033.5 202551.0 0
195692.8 191384.7 0
161159.7 157527.9 0
119051.7 115765.3 0
74236.5 71311.2 0
37126.0 34171.0 0
14372.6 11345.6 0
-12990.9 -15756.9 0
-45920.0 -48407.3 0
-100712.1 -102667.9 0
-138408.8 -140406.8 0
-154749.7 -157115.5 0
-125608.8 -128980.9 0
-98068.7 -101649.2 0
-76598.5 -80099.5 0
-76640.8 -79768.7 0
-62859.1 -66258.1 0
-23795.0 -27745.2 0
35780.1 30966.1 0
94600.4 89508.1 0
128039.0 123231.6 0
153239.3 148587.9 0
161006.1 156632.6 0
174298.3 169876.9 0
178958.9 174683.9 0
192824.7 188414.6 0
188779.5 184622.4 0
176498.4 172516.7 0
131216.9 127985.1 0
80628.3 77781.6 0
28790.0 26259.6 0
-936.9 -3960.6 0
-17341.5 -20373.4 0
-40591.1 -43325.5 0
-77162.8 -79410.7 0
-128727.0 -130545.2 0
-153835.2 -155837.5 0
-151963.6 -154553.3 0
-114731.3 -118156.6 0
-86622.2 -90195.5 0
-65249.0 -68747.8 0
-57882.6 -61107.6 0
-29935.9 -33627.3 0
11252.2 7256.3 0
67027.5 62345.7 0
116933.6 112135.0 0
153376.6 148582.3 0
176816.6 172263.0 0
178497.0 174322.2 0
178292.0 174187.4 0
172209.3 168221.4 0
181845.5 177566.1 0
175348.1 171353.8 0
155677.8 151918.1 0
99031.8 96239.4 0
37100.5 34849.6 0
-13787.3 -15916.9 0
-29118.6 -31938.5 0
-41329.2 -44073.4 0
-65478.5 -67914.3 0
-104669.5 -106591.7 0
-145169.4 -146922.3 0
-149548.9 -151856.6 0
-133392.8 -136175.6 0
-92983.6 -96424.4 0
-64730.7 -68254.0 0
-34601.2 -38308.7 0
-17126.5 -20787.9 0
13881.3 9971.5 0
49356.3 45291.9 0
101021.1 96389.6 0
145106.5 140284.2 0
180067.2 175176.8 0
193497.1 189000.3 0
182027.2 178020.1 0
165542.1 161853.0 0
153168.2 149391.6 0
160627.3 156526.5 0
146667.2 142938.0 0
115019.0 111791.2 0
46669.3 44462.5 0
-11342.1 -13267.8 0
-50071.9 -52128.3 0
-58173.0 -60747.2 0
-70794.4 -73320.8 0
-94953.0 -97269.4 0
-125457.5 -127457.5 0
-145864.9 -147919.9 0
-140208.4 -142662.9 0
-117858.3 -120815.6 0
-75779.0 -79289.7 0
-40165.2 -43813.4 0
1024.7 -2891.2 0
22121.2 18484.7 0
51756.4 47924.6 0
80460.3 76492.0 0
129475.0 124940.4 0
176439.0 171694.7 0
207368.4 202643.9 0
204155.3 200062.8 0
177324.2 173779.8 0
153005.3 149712.4 0
141093.7 137669.7 0
142625.4 138847.8 0
119785.7 116500.7 0
73736.9 71103.1 0
3679.7 1794.4 0
-41077.6 -43111.8 0
-72244.2 -74306.8 0
-82305.9 -84789.9 0
-96881.1 -99314.0 0
-109562.6 -111857.0 0
-127248.1 -129242.3 0
-132883.1 -135118.3 0
-121733.8 -124220.1 0
-97674.7 -100655.3 0
-49141.1 -52825.7 0
0.0 -3921.3 0
46554.3 42369.9 0
65620.8 61790.3 0
87745.2 83956.0 0
115179.2 111217.7 0
171461.9 166692.4 0
213279.7 208510.6 0
231329.5 226826.5 0
208479.7 204844.3 0
175094.6 171913.8 0
152296.4 149152.6 0
140258.6 136819.9 0
129496.2 126157.4 0
92163.0 89354.7 0
43690.9 41414.0 0
-15662.1 -17463.4 0
-55872.1 -57750.9 0
-91094.4 -92960.5 0
-100596.1 -102901.8 0
-106880.4 -109241.1 0
-104967.1 -107494.3 0
-109078.8 -111398.0 0
-108196.7 -110725.3 0
-98428.1 -101071.5 0
-66060.9 -69337.2 0
-4944.4 -9043.0 0
50184.2 45778.8 0
90317.3 86015.0 0
100261.5 96555.0 0
118315.7 114426.4 0
148927.6 144720.6 0
200297.5 195379.3 0
224475.7 219701.8 0
222786.1 218599.0 0
188361.3 185040.9 0
153596.5 150452.8 0
130316.7 127048.5 0
110477.5 107300.2 0
85231.7 82241.5 0
45730.8 43204.3 0
6173.8 3946.0 0
-48686.4 -50331.1 0
-88869.9 -90507.7 0
-122233.0 -123970.5 0
-121407.3 -123705.4 0
-113522.7 -116163.7 0
-97605.0 -100525.0 0
-100697.5 -103269.4 0
-100934.9 -103409.9 0
-82878.1 -85787.1 0
-31982.5 -35956.8 0
37182.7 32629.5 0
88680.5 84153.5 0
120164.7 115892.2 0
125735.9 121956.9 0
148027.1 143916.4 0
176271.6 171943.4 0
213808.8 209147.5 0
217534.2 213345.8 0
203163.5 199410.6 0
164988.5 161871.6 0
132225.9 129059.8 0
98121.8 95143.3 0
68967.0 66040.9 0
41622.1 38832.1 0
6560.2 4050.5 0
-30823.7 -32992.8 0
-83041.3 -84729.7 0
-121169.4 -122867.4 0
-144124.8 -145990.5 0
-123184.2 -125840.9 0
-99051.9 -102095.8 0
-79497.5 -82663.9 0
-82649.7 -85209.9 0
-73368.1 -76076.2 0
-41083.9 -44508.0 0
21354.9 17051.6 0
81973.4 77405.8 0
120725.8 116212.1 0
141228.7 137144.3 0
148291.1 144438.9 0
171008.2 166826.6 0
189373.0 185020.1 0
210551.3 206176.6 0
204316.3 200376.0 0
188295.7 184592.5 0
147529.8 144487.7 0
105672.3 102935.4 0
59420.6 56988.2 0
31453.8 28699.8 0
9727.0 6919.3 0
-15501.4 -18189.6 0
-53343.9 -55399.0 0
-104659.1 -106220.3 0
-140526.7 -142167.9 0
-147103.2 -149275.0 0
-112270.8 -115370.0 0
-82296.9 -85648.5 0
-61216.2 -64508.8 0
-60436.1 -63363.1 0
-38632.8 -41941.7 0
5541.0 1512.4 0
69213.3 64502.3 0
121318.0 116520.4 0
152568.5 148039.1 0
171754.5 167418.2 0
179825.0 175647.3 0
191207.8 186932.1 0
192521.0 188509.5 0
200558.9 196423.4 0
192821.4 188838.8 0
175128.5 171387.2 0
121943.0 119093.4 0
65588.6 63101.1 0
12547.2 10365.4 0
-8657.7 -11334.2 0
-21436.9 -24343.9 0
-45233.2 -47901.6 0
-89600.9 -91506.8 0
-138862.6 -140435.8 0
-154882.8 -156797.1 0
-141493.2 -144086.5 0
-101331.5 -104778.1 0
-72984.8 -76525.9 0
-49985.9 -53437.7 0
-40268.2 -43558.6 0
-5633.1 -9356.6 0
38047.3 33893.7 0
96626.9 91833.1 0
139404.7 134682.6 0
173198.6 168408.5 0
189079.6 184628.9 0
187607.5 183387.6 0
182880.2 178928.4 0
174449.0 170681.9 0
180937.9 176912.2 0
172402.2 168520.0 0
143650.6 140282.5 0
78574.2 76247.9 0
20098.5 17964.6 0
-27426.0 -29391.7 0
-38364.2 -41009.4 0
-51418.5 -54021.7 0
-76296.3 -78642.4 0
-117947.5 -119644.7 0
-149908.6 -151627.4 0
-148092.6 -150386.8 0
-120343.0 -123397.7 0
-77193.5 -80801.7 0
-50159.6 -53670.2 0
-18385.8 -22117.9 0
2726.1 -903.2 0
38119.5 34231.3 0
72287.9 68304.5 0
121259.1 116765.0 0
165113.6 160360.3 0
200270.3 195450.3 0
202487.3 198330.5 0
185935.7 182211.8 0
166008.2 162499.0 0
157619.6 153848.3 0
163346.2 159317.5 0
146511.0 142872.8 0
105874.4 102819.9 0
33786.7 31774.7 0
-19181.0 -21052.7 0
-51596.5 -53745.0 0
-56490.7 -59226.1 0
-72303.2 -74824.3 0
-95330.4 -97550.8 0
-124213.3 -126032.6 0
-135524.6 -137654.6 0
-125170.9 -127595.1 0
-97269.4 -100328.0 0
-55254.3 -58744.6 0
-17372.0 -21169.7 0
22196.1 18262.4 0
46152.1 42310.8 0
75882.7 71909.2 0
101854.3 97706.8 0
153371.4 148500.2 0
194860.7 190030.0 0
218552.8 213801.6 0
202436.0 198663.6 0
174078.7 170668.4 0
151969.1 148727.8 0
144892.7 141345.0 0
141318.5 137650.7 0
112359.0 109165.5 0
59866.6 57385.7 0
-7823.1 -9672.9 0
-49194.0 -51244.4 0
-80482.2 -82472.4 0
-85972.3 -88471.5 0
-99658.3 -102048.8 0
-108211.8 -110592.0 0
-122917.0 -125033.1 0
-125080.4 -127363.1 0
-112750.2 -115377.1 0
-79550.8 -82954.3 0
-27414.0 -31392.2 0
24863.0 20502.7 0
67312.7 63080.7 0
82306.8 78417.2 0
101883.9 97918.3 0
127619.3 123612.6 0
182177.4 177369.4 0
%2020-12-30 17:51:12 0  4102
